County_Name,State_Name,Confirmed,New,Death,New_Death,Fatality_Rate,Recovered,New_Recovered,Latitude,Longitude,Last_Update
Los Angeles,California,1124558,3451,17057,200,1.5%,2589,9070,34.053490000000004,-118.24531999999999,2021-02-02 20:02 EDT
Riverside,California,275872,0,3171,0,1.1%,459,23,33.98171,-117.37404,2021-02-02 20:02 EDT
San Bernardino,California,275076,0,1856,0,0.7%,4749,534,34.10524,-117.29411999999999,2021-02-02 20:02 EDT
San Diego,California,239124,0,2619,0,1.1%,3159,58,32.71568,-117.16171000000001,2021-02-02 20:02 EDT
Orange,California,234162,768,3162,53,1.4%,2689,179,33.78787,-117.85071,2021-02-02 20:02 EDT
Santa Clara,California,102427,0,1418,0,1.4%,3239,253,37.35579,-121.95508999999998,2021-02-02 20:02 EDT
Kern,California,94994,527,626,2,0.7%,129,875,35.34281638,-118.7299395,2021-02-02 20:02 EDT
Fresno,California,88852,0,1173,0,1.3%,347,516,36.74084000000001,-119.78551999999999,2021-02-02 20:02 EDT
Sacramento,California,86471,0,1262,0,1.5%,2199,540,38.57944000000001,-121.49085,2021-02-02 20:02 EDT
Alameda,California,74087,0,982,0,1.3%,3419,412,37.76683,-122.2453,2021-02-02 20:02 EDT
Ventura,California,70799,0,618,0,0.9%,2489,733,34.28082,-119.29231999999999,2021-02-02 20:02 EDT
San Joaquin,California,62737,591,871,1,1.4%,289,192,37.93479557,-121.2713112,2021-02-02 20:02 EDT
Contra Costa,California,57812,232,531,2,0.9%,1569,219,37.91793732,-121.9259354,2021-02-02 20:02 EDT
Stanislaus,California,46268,0,834,0,1.8%,2819,416,37.55932622,-120.9976619,2021-02-02 20:02 EDT
Tulare,California,45398,155,606,8,1.3%,4699,824,36.20649,-119.34305,2021-02-02 20:02 EDT
Monterey,California,39966,541,285,0,0.7%,3369,532,36.21714603,-121.2390196,2021-02-02 20:02 EDT
San Mateo,California,36052,170,395,13,1.1%,1949,542,37.54704,-122.31485,2021-02-02 20:02 EDT
San Francisco,California,31377,118,324,0,1.0%,79,137,37.777120000000004,-122.41963999999999,2021-02-02 20:02 EDT
Santa Barbara,California,28830,0,298,0,1.0%,1869,681,34.41938,-119.69905,2021-02-02 20:02 EDT
Solano,California,28191,0,122,0,0.4%,2139,50,38.27793363,-121.9272405,2021-02-02 20:02 EDT
Merced,California,26674,0,354,0,1.3%,2799,31,37.19187429,-120.717739,2021-02-02 20:02 EDT
Sonoma,California,26189,81,265,5,1.0%,2659,48,38.29188,-122.45728000000001,2021-02-02 20:02 EDT
Imperial,California,26184,27,551,2,2.1%,417,63,32.84748,-115.56952,2021-02-02 20:02 EDT
Kings,California,20812,0,177,0,0.9%,2539,89,36.07543071,-119.8153541,2021-02-02 20:02 EDT
Placer,California,18608,0,201,0,1.1%,1229,74,39.05913563,-120.75363279999999,2021-02-02 20:02 EDT
San Luis Obispo,California,18038,151,178,1,1.0%,2749,87,35.28579000000001,-120.66275,2021-02-02 20:02 EDT
Madera,California,14452,0,175,0,1.2%,3429,48,36.96205,-120.06398999999999,2021-02-02 20:02 EDT
Santa Cruz,California,13648,42,149,1,1.1%,3119,60,36.97424,-122.03098,2021-02-02 20:02 EDT
Marin,California,12372,0,173,0,1.4%,1849,5,38.07188727,-122.7195348,2021-02-02 20:02 EDT
Yolo,California,11666,0,149,0,1.3%,2699,70,38.73431,-121.81278999999999,2021-02-02 20:02 EDT
Shasta,California,10438,0,145,0,1.4%,2019,94,40.598279999999995,-122.49095,2021-02-02 20:02 EDT
Butte,California,10083,0,142,0,1.4%,2439,8,39.66709143,-121.60091100000001,2021-02-02 20:02 EDT
El Dorado,California,8443,0,81,0,1.0%,5279,98,38.68217,-120.84683000000001,2021-02-02 20:02 EDT
Napa,California,8428,55,55,2,0.7%,2429,58,38.50647693,-122.3306091,2021-02-02 20:02 EDT
Sutter,California,8355,0,89,0,1.1%,5649,26,39.03467539,-121.69484569999999,2021-02-02 20:02 EDT
Lassen,California,5413,20,17,1,0.3%,5169,4,40.68244754,-120.60036909999998,2021-02-02 20:02 EDT
Yuba,California,5389,0,32,0,0.6%,6049,62,39.26918299,-121.3512653,2021-02-02 20:02 EDT
San Benito,California,5351,0,54,0,1.0%,3879,49,36.50506,-121.08332,2021-02-02 20:02 EDT
Tehama,California,4781,121,47,0,1.0%,6349,17,40.12569694,-122.23391529999999,2021-02-02 20:02 EDT
Tuolumne,California,3594,0,49,0,1.4%,3699,2,38.02764367,-119.95465359999999,2021-02-02 20:02 EDT
Nevada,California,3528,0,74,0,2.1%,2879,34,39.2616,-121.0161,2021-02-02 20:02 EDT
Mendocino,California,3453,19,38,0,1.1%,379,31,39.44024063,-123.3912784,2021-02-02 20:02 EDT
Amador,California,3227,16,34,1,1.1%,4869,60,38.44606535,-120.65175500000001,2021-02-02 20:02 EDT
Lake,California,2828,47,33,0,1.2%,4274,21,39.10265343,-122.75089740000001,2021-02-02 20:02 EDT
Humboldt,California,2815,0,30,0,1.1%,3719,63,40.69879803,-123.87371470000001,2021-02-02 20:02 EDT
Glenn,California,2016,0,23,0,1.1%,7719,2,39.59827984,-122.392389,2021-02-02 20:02 EDT
Colusa,California,1952,0,10,0,0.5%,7419,5,39.17759768,-122.2371023,2021-02-02 20:02 EDT
Calaveras,California,1739,0,23,0,1.3%,6559,28,38.20473567,-120.55406550000001,2021-02-02 20:02 EDT
Siskiyou,California,1558,0,13,0,0.8%,699,4,41.59256366,-122.54077720000001,2021-02-02 20:02 EDT
Mono,California,1167,1,4,0,0.3%,839,92,37.93749777,-118.8838882,2021-02-02 20:02 EDT
Inyo,California,1087,0,29,0,2.7%,579,4,36.5110603,-117.410592,2021-02-02 20:02 EDT
Del Norte,California,884,0,3,0,0.3%,509,0,41.74317575,-123.89711070000001,2021-02-02 20:02 EDT
Plumas,California,626,0,6,0,1.0%,7249,0,40.00070236,-120.8334983,2021-02-02 20:02 EDT
Modoc,California,411,4,4,0,1.0%,411119,9,41.57651716400005,-120.73684738599995,2021-02-02 20:02 EDT
Mariposa,California,368,0,5,0,1.4%,4444,3,37.58147049,-119.90545139999999,2021-02-02 20:02 EDT
Trinity,California,308,0,5,0,1.6%,509,0,40.65065829,-123.11263500000001,2021-02-02 20:02 EDT
Sierra,California,95,0,0,0,0.0%,1009,0,39.58038432,-120.5160202,2021-02-02 20:02 EDT
Alpine,California,74,0,0,0,0.0%,1009,0,38.59733305,-119.82042129999999,2021-02-02 20:02 EDT
Dallas,Texas,259944,1427,2824,0,1.1%,3249,568,32.778220000000005,-96.79512,2021-02-02 20:02 EDT
Tarrant,Texas,220685,0,2240,0,1.0%,41369,2360,32.8173,-97.07655,2021-02-02 20:02 EDT
Bexar,Texas,175542,2376,2349,0,1.3%,43599,3422,29.44892069,-98.52000770000001,2021-02-02 20:02 EDT
Harris--Non Houston,Texas,161557,508,1213,14,0.8%,1149,315,37.302192,-91.84458149999999,2021-02-02 20:02 EDT
Harris--Houston,Texas,159187,436,1791,7,1.1%,4929,96,29.66648008,-95.22438005,2021-02-02 20:02 EDT
El Paso,Texas,114386,328,2117,0,1.9%,529,325,31.759159999999998,-106.48749,2021-02-02 20:02 EDT
Collin,Texas,73580,0,580,0,0.8%,1089,176,33.1968,-96.80393000000001,2021-02-02 20:02 EDT
Travis,Texas,69408,0,730,0,1.1%,1819,199,30.33462266,-97.78218981,2021-02-02 20:02 EDT
Hidalgo,Texas,65456,1172,2452,12,3.7%,478,861,26.39702985,-98.18094296,2021-02-02 20:02 EDT
Denton,Texas,54154,0,519,0,1.0%,2419,942,33.216590000000004,-97.13162,2021-02-02 20:02 EDT
Fort Bend,Texas,50368,0,480,0,1.0%,3339,943,29.52745252,-95.77065084,2021-02-02 20:02 EDT
Lubbock,Texas,47020,0,693,0,1.5%,227,68,33.61019304,-101.8204416,2021-02-02 20:02 EDT
Webb,Texas,40162,0,632,0,1.6%,5459,710,27.7925,-99.4228,2021-02-02 20:02 EDT
Montgomery,Texas,40042,0,384,0,1.0%,4619,967,30.38862,-95.69633,2021-02-02 20:02 EDT
Williamson,Texas,36848,0,324,0,0.9%,969,585,30.64806761,-97.60077209,2021-02-02 20:02 EDT
Nueces,Texas,35398,0,656,0,1.9%,899,53,27.7262373,-97.61348194,2021-02-02 20:02 EDT
Cameron,Texas,35300,459,1332,15,3.8%,3339,41,26.13597462,-97.52423968,2021-02-02 20:02 EDT
Galveston,Texas,30529,0,290,0,0.9%,509,210,29.29532,-94.80790999999999,2021-02-02 20:02 EDT
Brazoria,Texas,28688,0,309,0,1.1%,3169,73,29.049709999999997,-95.56200000000001,2021-02-02 20:02 EDT
McLennan,Texas,23284,0,379,0,1.6%,2099,38,31.55234029,-97.20180587,2021-02-02 20:02 EDT
Brazos,Texas,18998,70,182,0,1.0%,629,22,30.66048584,-96.30207301,2021-02-02 20:02 EDT
Bell,Texas,18910,0,266,0,1.4%,43139,104,31.03765881,-97.47807382,2021-02-02 20:02 EDT
Ellis,Texas,18561,0,233,0,1.3%,6879,15,32.34839289,-96.79460418,2021-02-02 20:02 EDT
Smith,Texas,17553,261,347,0,2.0%,41642,218,32.37505601,-95.26910259,2021-02-02 20:02 EDT
Jefferson,Texas,16928,0,302,0,1.8%,6249,71,29.88366401,-94.16922753,2021-02-02 20:02 EDT
Hays,Texas,16706,0,190,0,1.1%,6569,96,30.1227,-97.8722,2021-02-02 20:02 EDT
Johnson,Texas,16483,0,268,0,1.6%,6039,82,32.37899029,-97.36641179,2021-02-02 20:02 EDT
Potter,Texas,16462,0,367,0,2.2%,5029,54,35.40127385,-101.8939736,2021-02-02 20:02 EDT
Tom Green,Texas,15782,64,278,3,1.8%,3429,43,31.40442601,-100.4619795,2021-02-02 20:02 EDT
Randall,Texas,15738,0,246,0,1.6%,5889,66,34.96596461,-101.896888,2021-02-02 20:02 EDT
Midland,Texas,15687,0,224,0,1.4%,769,56,31.86932499,-102.0314523,2021-02-02 20:02 EDT
Taylor,Texas,14539,115,312,0,2.1%,42429,6,32.30139883,-99.8899813,2021-02-02 20:02 EDT
Wichita,Texas,13973,0,295,0,2.1%,4049,42,33.98410156,-98.70169462,2021-02-02 20:02 EDT
Ector,Texas,13527,0,295,0,2.2%,849,80,31.86911555,-102.5428458,2021-02-02 20:02 EDT
Kaufman,Texas,13005,0,182,0,1.4%,6759,81,32.60298369,-96.28946607,2021-02-02 20:02 EDT
Parker,Texas,12949,0,132,0,1.0%,6199,51,32.77771907,-97.80511717,2021-02-02 20:02 EDT
Guadalupe,Texas,11465,0,152,0,1.3%,41639,259,29.58309666,-97.94865645,2021-02-02 20:02 EDT
Gregg,Texas,9839,115,255,0,2.6%,413269,14,32.48062462,-94.81699103,2021-02-02 20:02 EDT
Grayson,Texas,9728,0,259,0,2.7%,43959,34,33.61833228,-96.67387872,2021-02-02 20:02 EDT
Maverick,Texas,9388,0,245,0,2.6%,43959,22,28.74301122,-100.3142594,2021-02-02 20:02 EDT
Rockwall,Texas,9337,0,100,0,1.1%,5999,19,32.89767022,-96.40784140000001,2021-02-02 20:02 EDT
Starr,Texas,8393,0,232,0,2.8%,2269,7,26.56239356,-98.7374609,2021-02-02 20:02 EDT
Comal,Texas,8216,86,255,0,3.1%,4189,55,29.80818438,-98.2781952,2021-02-02 20:02 EDT
Walker,Texas,7711,0,103,0,1.3%,7499,41,30.73898292,-95.57222968,2021-02-02 20:02 EDT
Bastrop,Texas,7490,0,65,0,0.9%,461179,733,30.10364375,-97.31201151,2021-02-02 20:02 EDT
Angelina,Texas,7352,231,219,0,3.0%,433369,77,31.25730151,-94.63261756,2021-02-02 20:02 EDT
Victoria,Texas,7317,0,149,0,2.0%,3639,51,28.79640375,-96.97175516,2021-02-02 20:02 EDT
Val Verde,Texas,7072,0,178,0,2.5%,7959,26,26.17619,-98.08112,2021-02-02 20:02 EDT
Coryell,Texas,6954,0,57,0,0.8%,4215899,530,31.39084072,-97.79914193,2021-02-02 20:02 EDT
Orange,Texas,6521,0,93,0,1.4%,2899,39,30.128079800000002,-93.89665964,2021-02-02 20:02 EDT
Wise,Texas,6135,0,98,0,1.6%,6989,74,33.21586139,-97.65438192,2021-02-02 20:02 EDT
Bowie,Texas,5915,0,156,0,2.6%,42075,84,33.559,-97.8486,2021-02-02 20:02 EDT
Liberty,Texas,5881,0,132,0,2.2%,3229,9,30.15168965,-94.81217381,2021-02-02 20:02 EDT
Hale,Texas,5874,0,146,0,2.5%,3399,2,34.07052809,-101.8268085,2021-02-02 20:02 EDT
Anderson,Texas,5817,0,90,0,1.5%,4599,5,31.81320101,-95.65250749,2021-02-02 20:02 EDT
Hood,Texas,5653,0,99,0,1.8%,669,53,32.42998661,-97.83217761,2021-02-02 20:02 EDT
Navarro,Texas,5312,0,91,0,1.7%,1849,31,32.0498125,-96.48283409,2021-02-02 20:02 EDT
Lamar,Texas,5243,46,126,0,2.4%,1819,13,33.66742106,-95.57087079,2021-02-02 20:02 EDT
Henderson,Texas,4990,85,128,0,2.6%,416929,15,32.20986317,-95.84344062,2021-02-02 20:02 EDT
Hunt,Texas,4985,0,126,0,2.5%,46429,66,33.13330985,-96.08803634,2021-02-02 20:02 EDT
Caldwell,Texas,4740,0,67,0,1.4%,420009,911,29.83712413,-97.61996606,2021-02-02 20:02 EDT
Atascosa,Texas,4589,0,105,0,2.3%,589,92,28.89353491,-98.52710951,2021-02-02 20:02 EDT
Howard,Texas,4405,0,87,0,2.0%,41732,53,32.30610786,-101.4354618,2021-02-02 20:02 EDT
Hardin,Texas,4390,0,79,0,1.8%,4246,72,30.33236369,-94.39028561,2021-02-02 20:02 EDT
Harrison,Texas,4069,0,81,0,2.0%,859,36,32.54669101,-94.37419702,2021-02-02 20:02 EDT
Hill,Texas,4000,0,62,0,1.6%,4208869,532,31.99068984,-97.13244714,2021-02-02 20:02 EDT
Chambers,Texas,3861,140,31,0,0.8%,4359,40,29.73914352,-94.60816907,2021-02-02 20:02 EDT
Brown,Texas,3817,36,105,0,2.8%,1939,46,31.77427489,-98.99985028,2021-02-02 20:02 EDT
Cherokee,Texas,3773,0,104,0,2.8%,5769,4,31.83697709,-95.16516716,2021-02-02 20:02 EDT
Nacogdoches,Texas,3761,0,126,0,3.4%,1529,17,31.62343014,-94.62108091,2021-02-02 20:02 EDT
San Patricio,Texas,3751,0,119,0,3.2%,5539,3,27.95808,-97.77216999999999,2021-02-02 20:02 EDT
Medina,Texas,3727,0,74,0,2.0%,1269,21,29.35563822,-99.11002449,2021-02-02 20:02 EDT
Burnet,Texas,3711,0,43,0,1.2%,4154149,428,30.78851107,-98.18240019,2021-02-02 20:02 EDT
Jim Wells,Texas,3703,0,74,0,2.0%,3849,9,27.73131457,-98.08982112,2021-02-02 20:02 EDT
Erath,Texas,3672,0,52,0,1.4%,6269,5,32.23626376,-98.21778772,2021-02-02 20:02 EDT
Van Zandt,Texas,3603,110,92,0,2.6%,418489,99,32.56229951,-95.83587208,2021-02-02 20:02 EDT
Kerr,Texas,3576,0,74,0,2.1%,4397,24,30.06149667,-99.35021453,2021-02-02 20:02 EDT
Rusk,Texas,3396,0,79,0,2.3%,41359,76,31.796,-95.1502,2021-02-02 20:02 EDT
Wharton,Texas,3395,0,90,0,2.7%,5829,20,29.27780211,-96.22208396,2021-02-02 20:02 EDT
Wilson,Texas,3394,0,47,0,1.4%,45499,67,29.17400077,-98.08650902,2021-02-02 20:02 EDT
Titus,Texas,3315,0,66,0,2.0%,4469,1,33.21641768,-94.96537845,2021-02-02 20:02 EDT
Washington,Texas,3305,0,73,0,2.2%,4224339,570,37.65871,-85.13231999999998,2021-02-02 20:02 EDT
Bee,Texas,3265,0,56,0,1.7%,3819,0,28.41736435,-97.74112569,2021-02-02 20:02 EDT
Uvalde,Texas,3168,0,50,0,1.6%,4129,61,29.35736353,-99.76218986,2021-02-02 20:02 EDT
Cooke,Texas,3137,0,55,0,1.8%,8019,5,33.64127265,-97.21703483,2021-02-02 20:02 EDT
Grimes,Texas,3122,0,55,0,1.8%,4493759,209,30.54365581,-95.98530182,2021-02-02 20:02 EDT
Waller,Texas,3004,0,32,0,1.1%,2319,50,30.0107507,-95.98760507,2021-02-02 20:02 EDT
Wood,Texas,2900,0,98,0,3.4%,42249,91,32.78211328,-95.37213602,2021-02-02 20:02 EDT
Upshur,Texas,2895,0,46,0,1.6%,4559,54,32.7363127,-94.94142272,2021-02-02 20:02 EDT
Fannin,Texas,2821,0,80,0,2.8%,6929,0,33.59309617,-96.10695931,2021-02-02 20:02 EDT
Matagorda,Texas,2786,0,81,0,2.9%,439,0,28.691229999999997,-95.96755,2021-02-02 20:02 EDT
Polk,Texas,2741,55,78,0,2.8%,424469,93,30.79487495,-94.81733825,2021-02-02 20:02 EDT
Jones,Texas,2681,0,40,0,1.5%,7139,5,32.73977974,-99.87857340000001,2021-02-02 20:02 EDT
Hopkins,Texas,2655,0,93,0,3.5%,1739,2,33.14926045,-95.5636767,2021-02-02 20:02 EDT
Deaf Smith,Texas,2578,0,61,0,2.4%,41549,0,34.96599069,-102.60477540000001,2021-02-02 20:02 EDT
Palo Pinto,Texas,2561,0,54,0,2.1%,6929,2,32.76798,-98.29969,2021-02-02 20:02 EDT
Frio,Texas,2392,0,29,0,1.2%,3849,3,28.86770959,-99.10822665,2021-02-02 20:02 EDT
Scurry,Texas,2373,0,52,0,2.2%,7129,3,32.74630052,-100.91640509999999,2021-02-02 20:02 EDT
Gonzales,Texas,2334,0,37,0,1.6%,219,84,29.45673157,-97.49257797,2021-02-02 20:02 EDT
Limestone,Texas,2309,0,49,0,2.1%,4154319,38,31.54539187,-96.58049287,2021-02-02 20:02 EDT
Kendall,Texas,2308,0,50,0,2.2%,749,1,29.94467657,-98.71160748,2021-02-02 20:02 EDT
Kleberg,Texas,2227,0,71,0,3.2%,289,3,27.43353551,-97.73255395,2021-02-02 20:02 EDT
Willacy,Texas,2187,0,71,0,3.2%,969,3,26.47115592,-97.64817396,2021-02-02 20:02 EDT
Moore,Texas,2164,0,60,0,2.8%,4526,9,35.83767359,-101.89287970000001,2021-02-02 20:02 EDT
Gillespie,Texas,2163,0,42,0,1.9%,509,11,30.31802585,-98.94627637,2021-02-02 20:02 EDT
Jasper,Texas,2128,0,61,0,2.9%,49119,7,30.73721008,-94.02387685,2021-02-02 20:02 EDT
Hockley,Texas,2126,0,96,0,4.5%,1229,6,33.60748276,-102.34303320000001,2021-02-02 20:02 EDT
Milam,Texas,2065,0,29,0,1.4%,6189,35,30.7863001,-96.97674797,2021-02-02 20:02 EDT
Lavaca,Texas,2064,0,64,0,3.1%,4279,13,29.38432888,-96.93010975,2021-02-02 20:02 EDT
Fayette,Texas,2060,0,48,0,2.3%,451289,27,29.87685606,-96.91966842,2021-02-02 20:02 EDT
Falls,Texas,1956,0,26,0,1.3%,489839,89,31.25318333,-96.93577343,2021-02-02 20:02 EDT
Young,Texas,1903,0,35,0,1.8%,6719,4,33.17729201,-98.68842601,2021-02-02 20:02 EDT
Lamb,Texas,1853,0,77,0,4.2%,3129,92,34.0685977,-102.3516334,2021-02-02 20:02 EDT
Gray,Texas,1853,0,47,0,2.5%,959,8,35.40129425,-100.81242440000001,2021-02-02 20:02 EDT
Montague,Texas,1848,0,52,0,2.8%,7959,3,33.6746124,-97.72473974,2021-02-02 20:02 EDT
Burleson,Texas,1844,0,25,0,1.4%,4167759,11,30.49243598,-96.62127937,2021-02-02 20:02 EDT
Robertson,Texas,1818,0,29,0,1.6%,4154199,6,31.02699864,-96.51276066,2021-02-02 20:02 EDT
Madison,Texas,1810,0,23,0,1.3%,419609,18,30.96554711,-95.9283315,2021-02-02 20:02 EDT
Wilbarger,Texas,1775,0,47,0,2.6%,9219,0,34.08017734,-99.24080972,2021-02-02 20:02 EDT
Freestone,Texas,1765,0,33,0,1.9%,4333189,55,31.70266446,-96.14935708,2021-02-02 20:02 EDT
Lampasas,Texas,1719,0,20,0,1.2%,463969,10,31.1962409,-98.24140876,2021-02-02 20:02 EDT
DeWitt,Texas,1696,0,54,0,3.2%,8919,4,29.08205895,-97.3568176,2021-02-02 20:02 EDT
Dawson,Texas,1678,0,66,0,3.9%,5079,4,32.74256634,-101.9475345,2021-02-02 20:02 EDT
Lee,Texas,1674,0,36,0,2.2%,455699,27,30.31066462,-96.96567821,2021-02-02 20:02 EDT
Andrews,Texas,1649,0,40,0,2.4%,2089,9,32.30502248,-102.6378207,2021-02-02 20:02 EDT
Cass,Texas,1633,0,68,0,4.2%,9,7,33.0735188,-94.34505411,2021-02-02 20:02 EDT
Terry,Texas,1630,0,50,0,3.1%,2589,6,33.1737093,-102.33494420000001,2021-02-02 20:02 EDT
Reeves,Texas,1590,0,36,0,2.3%,4619,5,31.32294987,-103.6930426,2021-02-02 20:02 EDT
Calhoun,Texas,1588,0,13,0,0.8%,4139,4,28.48708494,-96.64640773,2021-02-02 20:02 EDT
Austin,Texas,1586,0,26,0,1.6%,3159,4,29.88669551,-96.27745759,2021-02-02 20:02 EDT
Karnes,Texas,1571,0,27,0,1.7%,3869,0,28.90563081,-97.85942123,2021-02-02 20:02 EDT
Zavala,Texas,1545,0,30,0,1.9%,2189,33,28.86616929,-99.76052829999999,2021-02-02 20:02 EDT
Zapata,Texas,1523,0,23,0,1.5%,5779,5,27.00998653,-99.16702509,2021-02-02 20:02 EDT
Jackson,Texas,1505,0,25,0,1.7%,99,10,28.95558096,-96.57874644,2021-02-02 20:02 EDT
Bosque,Texas,1463,0,25,0,1.7%,4108389,38,31.90042609,-97.63441083,2021-02-02 20:02 EDT
Nolan,Texas,1461,0,43,0,2.9%,7089,4,32.30344861,-100.4060445,2021-02-02 20:02 EDT
Houston,Texas,1446,0,33,0,2.3%,4369,1,31.31765234,-95.42240553,2021-02-02 20:02 EDT
Leon,Texas,1423,0,33,0,2.3%,416267,18,31.29646612,-95.99552151,2021-02-02 20:02 EDT
Shelby,Texas,1412,0,49,0,3.5%,3259,4,31.79265177,-94.15604336,2021-02-02 20:02 EDT
Gaines,Texas,1382,0,36,0,2.6%,4629,8,32.74072696,-102.6349943,2021-02-02 20:02 EDT
Colorado,Texas,1380,0,21,0,1.5%,4169,5,29.62086756,-96.52629253,2021-02-02 20:02 EDT
Hutchinson,Texas,1376,0,62,0,4.5%,1089,8,35.83997777,-101.3546564,2021-02-02 20:02 EDT
Pecos,Texas,1372,0,29,0,2.1%,447,1,30.781019300000004,-102.7235403,2021-02-02 20:02 EDT
Panola,Texas,1345,0,51,0,3.8%,4539,0,32.16228456,-94.305576,2021-02-02 20:02 EDT
Childress,Texas,1313,0,13,0,1.0%,43339,2,34.52925554,-100.2074984,2021-02-02 20:02 EDT
Llano,Texas,1270,0,35,0,2.8%,451549,0,30.70568237,-98.68396033,2021-02-02 20:02 EDT
Dimmit,Texas,1269,0,18,0,1.4%,2869,52,28.42249934,-99.75685975,2021-02-02 20:02 EDT
Runnels,Texas,1191,0,31,0,2.6%,7079,4,31.83113124,-99.97614368,2021-02-02 20:02 EDT
Comanche,Texas,1145,0,41,0,3.6%,5799,0,31.94808524,-98.55824957,2021-02-02 20:02 EDT
Parmer,Texas,1140,0,34,0,3.0%,7149,0,34.53012116,-102.78453509999999,2021-02-02 20:02 EDT
Duval,Texas,1124,0,34,0,3.0%,4299,4,27.68127828,-98.5088379,2021-02-02 20:02 EDT
Tyler,Texas,1088,0,26,0,2.4%,46189,5,30.77123251,-94.37653537,2021-02-02 20:02 EDT
Camp,Texas,1073,0,34,0,3.2%,749,0,32.97320594,-94.97857173,2021-02-02 20:02 EDT
Eastland,Texas,1071,0,29,0,2.7%,5449,1,32.32711371,-98.83236081,2021-02-02 20:02 EDT
Callahan,Texas,1063,0,32,0,3.0%,6119,7,32.29775015,-99.37351041,2021-02-02 20:02 EDT
Live Oak,Texas,1053,0,17,0,1.6%,4919,9,29.554029999999997,-98.32868,2021-02-02 20:02 EDT
Ward,Texas,1041,0,16,0,1.5%,2759,7,31.50939264,-103.10236440000001,2021-02-02 20:02 EDT
Bandera,Texas,1014,0,22,0,2.2%,4319,10,29.74720281,-99.24626773,2021-02-02 20:02 EDT
Aransas,Texas,1006,0,31,0,3.1%,43629,4,28.24597757,-97.04181750000001,2021-02-02 20:02 EDT
Ochiltree,Texas,995,0,21,0,2.1%,6969,0,36.27858856,-100.8155985,2021-02-02 20:02 EDT
Somervell,Texas,981,0,9,0,0.9%,6769,4,32.22232117300007,-97.77429791799996,2021-02-02 20:02 EDT
Clay,Texas,944,0,15,0,1.6%,9069,0,33.78376172,-98.20894301,2021-02-02 20:02 EDT
Castro,Texas,849,0,25,0,2.9%,8679,0,34.52999459,-102.26167029999999,2021-02-02 20:02 EDT
Yoakum,Texas,848,0,25,0,2.9%,8819,0,33.17292695,-102.8276058,2021-02-02 20:02 EDT
Brewster,Texas,836,0,8,0,1.0%,0,0,29.812252,-103.25180859999999,2021-02-02 20:02 EDT
La Salle,Texas,807,0,19,0,2.4%,0,0,28.79219,-96.66958000000001,2021-02-02 20:02 EDT
San Jacinto,Texas,765,0,22,0,2.9%,1019,2,29.296129999999998,-94.78312,2021-02-02 20:02 EDT
Bailey,Texas,765,0,16,0,2.1%,7899,0,34.06851743,-102.8298743,2021-02-02 20:02 EDT
Archer,Texas,747,0,10,0,1.3%,8489,0,33.61535438,-98.68771374,2021-02-02 20:02 EDT
Morris,Texas,733,0,20,0,2.7%,3069,5,33.11342037,-94.73233824,2021-02-02 20:02 EDT
Hansford,Texas,732,0,18,0,2.5%,979,8,36.27750219,-101.3545118,2021-02-02 20:02 EDT
Brooks,Texas,726,0,31,0,4.3%,489,0,27.03152599,-98.21865819,2021-02-02 20:02 EDT
Swisher,Texas,716,0,15,0,2.1%,309,4,34.53062422,-101.7348686,2021-02-02 20:02 EDT
Stephens,Texas,709,0,21,0,3.0%,4629,8,32.735819199999995,-98.83606970000001,2021-02-02 20:02 EDT
San Saba,Texas,704,0,17,0,2.4%,45759,89,31.195829999999997,-98.71651,2021-02-02 20:02 EDT
Presidio,Texas,697,0,22,0,3.2%,4539,9,29.99995073,-104.2405496,2021-02-02 20:02 EDT
Rains,Texas,695,8,21,0,3.0%,426369,0,32.86905982,-95.78601616,2021-02-02 20:02 EDT
Floyd,Texas,689,0,29,0,4.2%,5859,7,34.07238001,-101.30321409999999,2021-02-02 20:02 EDT
Hamilton,Texas,687,0,23,0,3.3%,416159,2,31.70475909,-98.1106215,2021-02-02 20:02 EDT
Winkler,Texas,674,0,17,0,2.5%,7049,0,31.8500015,-103.04827879999999,2021-02-02 20:02 EDT
Coleman,Texas,634,0,23,0,3.6%,8049,0,31.77316426,-99.45352719,2021-02-02 20:02 EDT
Franklin,Texas,613,0,19,0,3.1%,1549,92,33.17548642,-95.21838669,2021-02-02 20:02 EDT
Blanco,Texas,600,0,13,0,2.2%,4156259,66,30.26638227,-98.39975934,2021-02-02 20:02 EDT
Red River,Texas,597,0,32,0,5.4%,4529,7,33.62052003,-95.05017125,2021-02-02 20:02 EDT
Lynn,Texas,594,0,18,0,3.0%,7229,0,33.17683641,-101.8159973,2021-02-02 20:02 EDT
Refugio,Texas,578,0,17,0,2.9%,4449,5,28.32673794,-97.16537557,2021-02-02 20:02 EDT
Martin,Texas,577,0,18,0,3.1%,0,4,32.30606767,-101.9511384,2021-02-02 20:02 EDT
Trinity,Texas,576,0,19,0,3.3%,5699,92,31.09369828,-95.13167773,2021-02-02 20:02 EDT
Jack,Texas,569,0,13,0,2.3%,449,4,33.23344728,-98.17249922,2021-02-02 20:02 EDT
Mitchell,Texas,564,0,25,0,4.4%,2949,2,32.30618963,-100.92119100000001,2021-02-02 20:02 EDT
Dallam,Texas,561,0,21,0,3.7%,421759,1,36.27778449,-102.6021265,2021-02-02 20:02 EDT
Mills,Texas,550,0,19,0,3.5%,424789,60,31.49520882,-98.59546815,2021-02-02 20:02 EDT
Jim Hogg,Texas,547,0,13,0,2.4%,6059,5,27.04338085,-98.69722643,2021-02-02 20:02 EDT
Hemphill,Texas,526,0,2,0,0.4%,6119,1,35.83747747,-100.2704145,2021-02-02 20:02 EDT
Newton,Texas,523,0,22,0,4.2%,45719,3,30.78529345,-93.74501456,2021-02-02 20:02 EDT
Hudspeth,Texas,523,0,9,0,1.7%,7059,3,31.45623189,-105.38654340000001,2021-02-02 20:02 EDT
Crockett,Texas,521,0,15,0,2.9%,4227,7,30.72302381100008,-101.41202116899996,2021-02-02 20:02 EDT
San Augustine,Texas,513,2,28,0,5.5%,48339,1,31.52897,-94.10651,2021-02-02 20:02 EDT
Crane,Texas,501,0,11,0,2.2%,259,0,31.42846649,-102.5155684,2021-02-02 20:02 EDT
McCulloch,Texas,493,0,14,0,2.8%,8189,0,31.19874391,-99.34740948,2021-02-02 20:02 EDT
Sabine,Texas,470,0,32,0,6.8%,3649,0,31.34647718,-93.87096354,2021-02-02 20:02 EDT
Marion,Texas,454,0,21,0,4.6%,299,92,33.93325,-87.65897,2021-02-02 20:02 EDT
Wheeler,Texas,449,0,9,0,2.0%,7149,0,35.4012604,-100.2696723,2021-02-02 20:02 EDT
Coke,Texas,441,0,11,0,2.5%,49009,0,31.88847775,-100.52981120000001,2021-02-02 20:02 EDT
Sutton,Texas,435,0,6,0,1.4%,6829,0,30.498269692000065,-100.53800718499996,2021-02-02 20:02 EDT
Crosby,Texas,433,0,24,0,5.5%,2769,1,33.61457547,-101.29984379999999,2021-02-02 20:02 EDT
Haskell,Texas,400,0,19,0,4.8%,6369,2,33.17820047,-99.73024139,2021-02-02 20:02 EDT
Hartley,Texas,381,0,2,0,0.5%,462009,3,35.83996333,-102.60279150000001,2021-02-02 20:02 EDT
Hall,Texas,379,0,13,0,3.4%,5569,0,34.53072231,-100.68091740000001,2021-02-02 20:02 EDT
Goliad,Texas,362,0,9,0,2.5%,4259,5,28.65705844,-97.42642325,2021-02-02 20:02 EDT
Reagan,Texas,360,0,8,0,2.2%,0,0,31.36615696,-101.5229176,2021-02-02 20:02 EDT
Upton,Texas,352,0,7,0,2.0%,7789,2,31.36882524300006,-102.04293438199993,2021-02-02 20:02 EDT
Carson,Texas,346,0,12,0,3.5%,1259,0,35.40342981,-101.35413759999999,2021-02-02 20:02 EDT
Hardeman,Texas,339,0,12,0,3.5%,1829,0,34.28960078,-99.74602411,2021-02-02 20:02 EDT
Mason,Texas,338,0,4,0,1.2%,0,1,30.71772871,-99.22604108,2021-02-02 20:02 EDT
Culberson,Texas,331,0,7,0,2.1%,639,0,31.447215805000038,-104.51739982299995,2021-02-02 20:02 EDT
Donley,Texas,328,0,12,0,3.7%,4609,4,34.96538118,-100.81397609999999,2021-02-02 20:02 EDT
Kinney,Texas,322,0,4,0,1.2%,3169,6,29.35025058900004,-100.41783772499996,2021-02-02 20:02 EDT
Garza,Texas,309,0,18,0,5.8%,418759,3,33.17988347,-101.2984365,2021-02-02 20:02 EDT
Baylor,Texas,288,0,11,0,3.8%,4449,0,33.616458102000024,-99.21347682399994,2021-02-02 20:02 EDT
Real,Texas,288,0,12,0,4.2%,779,2,29.83179732400004,-99.82210436299994,2021-02-02 20:02 EDT
Fisher,Texas,283,0,12,0,4.2%,309,0,32.7429269,-100.40203129999999,2021-02-02 20:02 EDT
Concho,Texas,279,0,5,0,1.8%,410919,3,31.32658443,-99.86393675,2021-02-02 20:02 EDT
Lipscomb,Texas,274,0,11,0,4.0%,9,3,36.27780424,-100.27316579999999,2021-02-02 20:02 EDT
Delta,Texas,264,0,7,0,2.7%,4559,1,33.38578601,-95.67248556,2021-02-02 20:02 EDT
Collingsworth,Texas,249,0,8,0,3.2%,2869,0,34.96495258,-100.2700158,2021-02-02 20:02 EDT
Kimble,Texas,237,0,6,0,2.5%,5719,0,30.48678504,-99.74853422,2021-02-02 20:02 EDT
Knox,Texas,231,0,12,0,5.2%,4409,4,33.60612084,-99.74138048,2021-02-02 20:02 EDT
Edwards,Texas,231,0,4,0,1.7%,409,0,29.98263072700007,-100.30469119699995,2021-02-02 20:02 EDT
Shackelford,Texas,230,0,1,0,0.4%,6569,1,32.73595663,-99.35393367,2021-02-02 20:02 EDT
Cochran,Texas,226,0,13,0,5.8%,9,0,33.6040986,-102.8283512,2021-02-02 20:02 EDT
Schleicher,Texas,218,0,6,0,2.8%,3899,1,30.897439184000074,-100.53849378099994,2021-02-02 20:02 EDT
Menard,Texas,201,0,5,0,2.5%,6879,0,30.88991402100004,-99.82062830099994,2021-02-02 20:02 EDT
Oldham,Texas,192,0,2,0,1.0%,411259,7,35.40495423,-102.60288990000001,2021-02-02 20:02 EDT
Cottle,Texas,180,0,7,0,3.9%,6679,0,34.07764233,-100.2786452,2021-02-02 20:02 EDT
Stonewall,Texas,147,0,5,0,3.4%,8189,0,33.179029456000016,-100.25338385399999,2021-02-02 20:02 EDT
Armstrong,Texas,139,0,6,0,4.3%,4299,0,34.96511906,-101.3572807,2021-02-02 20:02 EDT
Dickens,Texas,138,0,7,0,5.1%,9,0,33.6165717,-100.77882240000001,2021-02-02 20:02 EDT
Sherman,Texas,129,0,11,0,8.5%,43509,0,36.27764403,-101.8933597,2021-02-02 20:02 EDT
Jeff Davis,Texas,128,0,1,0,0.8%,2869,0,30.715548940000076,-104.13991279299995,2021-02-02 20:02 EDT
Briscoe,Texas,121,0,4,0,3.3%,8339,0,34.53036035,-101.2084771,2021-02-02 20:02 EDT
Glasscock,Texas,107,0,2,0,1.9%,5569,0,31.8694032,-101.5206598,2021-02-02 20:02 EDT
Sterling,Texas,102,0,4,0,3.9%,1009,0,31.82784942800004,-101.04999100399999,2021-02-02 20:02 EDT
Foard,Texas,98,0,6,0,6.1%,609,0,33.97453685500005,-99.77790831999994,2021-02-02 20:02 EDT
Irion,Texas,92,0,1,0,1.1%,46009,0,31.30392184000005,-100.98235179999996,2021-02-02 20:02 EDT
Motley,Texas,80,0,7,0,8.8%,1009,0,34.07406375,-100.7798371,2021-02-02 20:02 EDT
Terrell,Texas,78,0,2,0,2.6%,1009,0,30.225285291000038,-102.07634355099998,2021-02-02 20:02 EDT
McMullen,Texas,73,0,3,0,4.1%,509,0,28.349607306000053,-98.57144386,2021-02-02 20:02 EDT
Kent,Texas,71,0,1,0,1.4%,0,0,33.181445319000034,-100.77769293499996,2021-02-02 20:02 EDT
Throckmorton,Texas,68,0,5,0,7.4%,9099,0,33.17751150900005,-99.21231400799995,2021-02-02 20:02 EDT
Roberts,Texas,53,0,1,0,1.9%,1009,0,35.83862346,-100.8135041,2021-02-02 20:02 EDT
Kenedy,Texas,31,0,2,0,6.5%,0,0,26.92760049400005,-97.71818949999994,2021-02-02 20:02 EDT
Borden,Texas,17,0,0,0,0.0%,0,0,32.743702290000044,-101.43168114099994,2021-02-02 20:02 EDT
King,Texas,13,0,0,0,0.0%,1009,0,33.61644749800007,-100.25582149499996,2021-02-02 20:02 EDT
Loving,Texas,1,0,0,0,0.0%,0,0,31.84918183600007,-103.58011367700001,2021-02-02 20:02 EDT
Miami-Dade,Florida,375322,1899,4907,2,1.3%,1319,2721,25.61418208,-80.5679083,2021-02-02 20:02 EDT
Broward,Florida,174679,1027,2119,4,1.2%,1089,679,26.15224542,-80.48705340000002,2021-02-02 20:02 EDT
Palm Beach,Florida,108173,554,2199,32,2.0%,269,678,26.70288,-80.03661,2021-02-02 20:02 EDT
Orange,Florida,104287,638,959,1,0.9%,2049,438,30.244010999999997,-85.007347,2021-02-02 20:02 EDT
Hillsborough,Florida,101551,561,1319,0,1.3%,1349,742,27.93023096,-82.30785534,2021-02-02 20:02 EDT
Duval,Florida,82738,522,929,2,1.1%,4869,648,30.47844000000001,-81.62557,2021-02-02 20:02 EDT
Pinellas,Florida,60130,414,1305,1,2.2%,4269,637,27.9313392,-82.72194025,2021-02-02 20:02 EDT
Lee,Florida,53081,261,808,14,1.5%,2269,878,26.57965162,-81.82468531,2021-02-02 20:02 EDT
Polk,Florida,51050,348,977,10,1.9%,59,394,27.94887824,-81.69776009,2021-02-02 20:02 EDT
Osceola,Florida,33890,168,381,0,1.1%,2319,291,28.06812578,-81.14519655,2021-02-02 20:02 EDT
Volusia,Florida,31429,304,535,0,1.7%,449,855,29.169340000000002,-81.52251,2021-02-02 20:02 EDT
Escambia,Florida,31195,166,536,8,1.7%,1439,598,30.70048478,-87.37722154,2021-02-02 20:02 EDT
Pasco,Florida,29917,224,561,5,1.9%,989,293,28.32453,-82.33624,2021-02-02 20:02 EDT
Brevard,Florida,29829,311,655,0,2.2%,414,682,28.29348419,-80.73235631,2021-02-02 20:02 EDT
Manatee,Florida,28914,212,503,4,1.7%,749,273,27.49643,-82.53954,2021-02-02 20:02 EDT
Collier,Florida,28019,152,410,6,1.5%,1139,59,26.11625563,-81.34013334,2021-02-02 20:02 EDT
Leon,Florida,26723,180,235,0,0.9%,2789,174,30.45796803,-84.27794359,2021-02-02 20:02 EDT
Sarasota,Florida,25015,182,628,0,2.5%,159,52,27.33889000000001,-82.53886999999997,2021-02-02 20:02 EDT
Marion,Florida,24725,148,602,1,2.4%,177,39,29.21018701,-82.05662511,2021-02-02 20:02 EDT
Seminole,Florida,24416,189,382,4,1.6%,1869,12,28.71700144,-81.23632262,2021-02-02 20:02 EDT
Lake,Florida,22058,194,437,2,2.0%,1379,86,28.76261973,-81.71155351,2021-02-02 20:02 EDT
Alachua,Florida,20817,125,174,0,0.8%,569,89,29.79309000000001,-82.49428,2021-02-02 20:02 EDT
St. Lucie,Florida,19761,144,490,2,2.5%,1499,64,27.48948,-80.33977,2021-02-02 20:02 EDT
St. Johns,Florida,18594,197,170,3,0.9%,359,99,30.120509999999996,-81.62536,2021-02-02 20:02 EDT
Okaloosa,Florida,16886,156,286,0,1.7%,129,51,30.70702353,-86.59650821,2021-02-02 20:02 EDT
Bay,Florida,16852,179,295,5,1.8%,1799,171,30.27874147,-85.61547985,2021-02-02 20:02 EDT
Santa Rosa,Florida,15592,79,215,0,1.4%,2529,99,30.73147611,-87.01761385,2021-02-02 20:02 EDT
Clay,Florida,15551,122,244,0,1.6%,999,45,29.98305516,-81.85778209,2021-02-02 20:02 EDT
Hernando,Florida,10028,57,347,5,3.5%,2229,18,28.55250381,-82.41938996,2021-02-02 20:02 EDT
Indian River,Florida,9896,54,232,5,2.3%,1919,46,27.694396500000003,-80.60612987,2021-02-02 20:02 EDT
Charlotte,Florida,9801,56,303,0,3.1%,639,59,26.90848328,-81.90343918,2021-02-02 20:02 EDT
Martin,Florida,9708,58,243,4,2.5%,189,21,27.08809728,-80.38317334,2021-02-02 20:02 EDT
Citrus,Florida,8743,47,353,8,4.0%,1739,45,28.850778899999998,-82.46594866,2021-02-02 20:02 EDT
Columbia,Florida,7275,33,145,0,2.0%,139,81,30.22449371,-82.62153926,2021-02-02 20:02 EDT
Sumter,Florida,7180,61,186,0,2.6%,487,62,28.70474449,-82.0809939,2021-02-02 20:02 EDT
Nassau,Florida,7079,67,95,1,1.3%,1969,29,30.61077673,-81.80173997,2021-02-02 20:02 EDT
Highlands,Florida,6541,37,263,0,4.0%,407,5,27.34332999,-81.34112609,2021-02-02 20:02 EDT
Walton,Florida,6345,46,68,0,1.1%,1019,723,30.65939599,-86.16268062,2021-02-02 20:02 EDT
Jackson,Florida,5687,18,133,0,2.3%,3489,29,30.79572970000001,-85.21834956,2021-02-02 20:02 EDT
Putnam,Florida,5508,22,103,0,1.9%,1719,4,29.61129946,-81.74554066,2021-02-02 20:02 EDT
Monroe,Florida,5392,20,40,0,0.7%,639,93,39.49217,-91.78738,2021-02-02 20:02 EDT
Flagler,Florida,5353,41,71,1,1.3%,379,89,29.46142050000001,-81.31356058,2021-02-02 20:02 EDT
Gadsden,Florida,5130,30,70,0,1.4%,2499,42,30.57948492,-84.61351742,2021-02-02 20:02 EDT
Suwannee,Florida,4868,21,118,0,2.4%,3929,3,30.19558189,-82.99149352,2021-02-02 20:02 EDT
Hendry,Florida,4066,12,57,0,1.4%,4659,7,26.54718711,-81.17167885,2021-02-02 20:02 EDT
DeSoto,Florida,3401,25,68,0,2.0%,4869,8,27.18625815,-81.80950056,2021-02-02 20:02 EDT
Okeechobee,Florida,3296,13,64,0,1.9%,1049,29,27.42741658,-80.90123565,2021-02-02 20:02 EDT
Baker,Florida,3071,24,51,3,1.7%,4769,13,30.331029700000002,-82.28459751,2021-02-02 20:02 EDT
Wakulla,Florida,2983,21,41,0,1.4%,3549,17,30.16891607,-84.40091841,2021-02-02 20:02 EDT
Bradford,Florida,2667,6,44,4,1.6%,2929,3,29.94996425,-82.16878035,2021-02-02 20:02 EDT
Hardee,Florida,2596,9,24,1,0.9%,1169,4,27.49268751,-81.80992068,2021-02-02 20:02 EDT
Levy,Florida,2582,24,24,0,0.9%,9,16,29.3197128,-82.74264885,2021-02-02 20:02 EDT
Taylor,Florida,2512,16,35,0,1.4%,3129,8,30.04717437,-83.60333237,2021-02-02 20:02 EDT
Washington,Florida,2479,11,35,0,1.4%,19,8,30.61052578,-85.66522117,2021-02-02 20:02 EDT
Holmes,Florida,2089,5,42,0,2.0%,41119,0,30.86792762,-85.81398628,2021-02-02 20:02 EDT
Madison,Florida,1842,6,37,0,2.0%,3299,1,40.213879999999996,-85.70948,2021-02-02 20:02 EDT
Gulf,Florida,1711,10,32,0,1.9%,9,5,29.95627817,-85.22647887,2021-02-02 20:02 EDT
Union,Florida,1670,5,70,0,4.2%,43339,2,30.0438157,-82.37139913,2021-02-02 20:02 EDT
Lafayette,Florida,1534,2,23,0,1.5%,209,6,29.98546043,-83.18105572,2021-02-02 20:02 EDT
Calhoun,Florida,1532,0,36,0,2.3%,4749,0,30.40591622,-85.19725477,2021-02-02 20:02 EDT
Hamilton,Florida,1508,6,17,0,1.1%,2989,3,30.49645924,-82.94801948,2021-02-02 20:02 EDT
Dixie,Florida,1397,2,13,0,0.9%,379,9,29.60848621,-83.15877625,2021-02-02 20:02 EDT
Jefferson,Florida,1307,10,22,0,1.7%,4389,5,30.43766934,-83.89518449,2021-02-02 20:02 EDT
Franklin,Florida,1242,2,10,0,0.8%,2849,8,29.87766253,-84.81641986,2021-02-02 20:02 EDT
Gilchrist,Florida,1227,2,28,0,2.3%,4339,4,29.72589573,-82.80037962,2021-02-02 20:02 EDT
Liberty,Florida,995,1,14,0,1.4%,209,4,30.24133937,-84.88288457,2021-02-02 20:02 EDT
Glades,Florida,870,0,13,0,1.5%,3339,0,26.96044686,-81.24215682,2021-02-02 20:02 EDT
New York,New York,617172,3926,27298,72,4.4%,49,7017,40.71455,-74.00714,2021-02-02 20:02 EDT
Suffolk,New York,145115,778,2815,11,1.9%,1939,387,40.87732808,-72.85898036,2021-02-02 20:02 EDT
Nassau,New York,130386,1651,2693,6,2.1%,1149,244,40.74165225,-73.58899619,2021-02-02 20:02 EDT
Westchester,New York,95303,605,1927,10,2.0%,1789,638,41.16319759,-73.7560629,2021-02-02 20:02 EDT
Erie,New York,57858,216,1476,0,2.6%,959,674,42.76382119,-78.73224973,2021-02-02 20:02 EDT
Monroe,New York,48304,141,937,0,1.9%,1539,828,43.14604282,-77.69674911,2021-02-02 20:02 EDT
Rockland,New York,34830,126,836,0,2.4%,2129,298,41.152374,-74.02401032,2021-02-02 20:02 EDT
Orange,New York,32580,173,674,0,2.1%,1899,671,41.40206825,-74.30559567,2021-02-02 20:02 EDT
Onondaga,New York,30232,108,596,0,2.0%,3599,68,43.004870000000004,-76.1836,2021-02-02 20:02 EDT
Dutchess,New York,19408,112,347,0,1.8%,2069,173,41.76477515,-73.74281684,2021-02-02 20:02 EDT
Albany,New York,18858,87,304,0,1.6%,2719,60,42.65155,-73.75520999999998,2021-02-02 20:02 EDT
Oneida,New York,18450,32,334,0,1.8%,4329,94,43.24306498,-75.42583597,2021-02-02 20:02 EDT
Niagara,New York,13796,44,229,0,1.7%,1899,40,43.19998147,-78.74522262,2021-02-02 20:02 EDT
Broome,New York,12831,37,236,0,1.8%,279,27,42.16021802,-75.81964586,2021-02-02 20:02 EDT
Saratoga,New York,10657,53,113,0,1.1%,3499,48,43.06974,-73.63661,2021-02-02 20:02 EDT
Schenectady,New York,9836,38,121,0,1.2%,3519,63,42.81238,-73.94122,2021-02-02 20:02 EDT
Ulster,New York,8899,41,211,0,2.4%,2059,11,41.95986,-73.99033,2021-02-02 20:02 EDT
Rensselaer,New York,8035,29,113,0,1.4%,3419,61,42.71086263,-73.5097379,2021-02-02 20:02 EDT
Putnam,New York,7423,39,63,0,0.8%,369,52,41.42653455,-73.7494999,2021-02-02 20:02 EDT
Chautauqua,New York,6560,46,103,0,1.6%,639,64,42.22826274,-79.36643298,2021-02-02 20:02 EDT
Chemung,New York,6083,18,76,0,1.2%,3229,94,42.1411881,-76.76001059999999,2021-02-02 20:02 EDT
Oswego,New York,5596,0,82,0,1.5%,3659,65,43.436525700000004,-76.14924403,2021-02-02 20:02 EDT
Ontario,New York,5216,11,90,0,1.7%,1939,17,42.85288942,-77.29981098,2021-02-02 20:02 EDT
Steuben,New York,5085,24,161,0,3.2%,442,50,42.26782685,-77.38382596,2021-02-02 20:02 EDT
Cayuga,New York,4935,13,80,0,1.6%,4139,86,42.92145204,-76.54917489,2021-02-02 20:02 EDT
Herkimer,New York,4834,0,64,0,1.3%,7699,91,43.0259,-74.98433,2021-02-02 20:02 EDT
St. Lawrence,New York,4641,0,66,0,1.4%,3569,96,44.17727,-76.16771999999997,2021-02-02 20:02 EDT
Sullivan,New York,4250,29,62,0,1.5%,1989,82,41.71631354,-74.76811083,2021-02-02 20:02 EDT
Wayne,New York,4136,11,36,0,0.9%,3599,75,42.474131,-77.09816,2021-02-02 20:02 EDT
Genesee,New York,4045,10,107,0,2.6%,3439,51,43.00094016,-78.1936949,2021-02-02 20:02 EDT
Jefferson,New York,4021,43,0,0,0.0%,246,47,44.04103424,-75.91225529,2021-02-02 20:02 EDT
Cattaraugus,New York,3823,14,74,0,1.9%,2529,81,42.24859584,-78.67881202,2021-02-02 20:02 EDT
Madison,New York,3510,13,82,0,2.3%,599,75,42.91290749,-75.66978904,2021-02-02 20:02 EDT
Cortland,New York,3174,0,60,0,1.9%,3629,7,42.59500111,-76.07023743,2021-02-02 20:02 EDT
Tompkins,New York,3044,29,0,0,0.0%,139,80,42.44933495,-76.47064359,2021-02-02 20:02 EDT
Livingston,New York,3042,11,37,0,1.2%,3679,31,42.72808354,-77.77543855,2021-02-02 20:02 EDT
Columbia,New York,3020,19,70,0,2.3%,2029,33,42.25001078,-73.63186134,2021-02-02 20:02 EDT
Clinton,New York,2779,30,20,0,0.7%,157,74,44.7904,-73.6006,2021-02-02 20:02 EDT
Montgomery,New York,2712,14,22,0,0.8%,1889,16,42.90229179999999,-74.43960085,2021-02-02 20:02 EDT
Otsego,New York,2712,0,28,0,1.0%,0,11,42.63373751,-75.03256231,2021-02-02 20:02 EDT
Fulton,New York,2636,19,24,0,0.9%,1199,45,43.11240266,-74.43516277,2021-02-02 20:02 EDT
Allegany,New York,2594,8,53,0,2.0%,246,8,42.25739788,-78.02755444,2021-02-02 20:02 EDT
Wyoming,New York,2504,10,42,0,1.7%,2639,40,42.70242659,-78.22443261,2021-02-02 20:02 EDT
Tioga,New York,2488,8,64,0,2.6%,3799,8,42.06057,-76.34519,2021-02-02 20:02 EDT
Warren,New York,2466,5,53,0,2.1%,449,45,43.5592099,-73.85881158,2021-02-02 20:02 EDT
Greene,New York,2377,8,62,0,2.6%,177,44,42.27654571,-74.12261588,2021-02-02 20:02 EDT
Orleans,New York,2190,10,76,0,3.5%,1059,28,43.25210059,-78.23124678,2021-02-02 20:02 EDT
Chenango,New York,2133,14,39,0,1.8%,1349,74,42.49349443,-75.61153709999998,2021-02-02 20:02 EDT
Washington,New York,1889,14,17,0,0.9%,3399,54,43.31227113,-73.43096234,2021-02-02 20:02 EDT
Lewis,New York,1766,9,0,0,0.0%,5119,9,43.78473387,-75.44870612,2021-02-02 20:02 EDT
Franklin,New York,1584,13,8,0,0.5%,4669,48,44.59267538,-74.30342185,2021-02-02 20:02 EDT
Seneca,New York,1411,10,63,0,4.5%,3119,3,42.79006836,-76.82292272,2021-02-02 20:02 EDT
Delaware,New York,1233,7,18,0,1.5%,5079,4,42.19804334,-74.96635196,2021-02-02 20:02 EDT
Essex,New York,1123,6,21,0,1.9%,1189,7,44.10755697,-73.79125847,2021-02-02 20:02 EDT
Schoharie,New York,1043,10,0,0,0.0%,439,3,42.58820746,-74.44213588,2021-02-02 20:02 EDT
Yates,New York,951,0,22,0,2.3%,9849,0,42.63334577,-77.11807678,2021-02-02 20:02 EDT
Schuyler,New York,808,5,0,0,0.0%,1969,1,42.37063897,-76.9851275,2021-02-02 20:02 EDT
Hamilton,New York,220,4,0,0,0.0%,4969,9,43.66130373,-74.49733573,2021-02-02 20:02 EDT
Cook,Illinois,451581,0,8819,0,2.0%,6249,286,41.84014932,-87.81682325,2021-02-02 20:02 EDT
DuPage,Illinois,72068,0,1106,0,1.5%,6349,45,41.85194049,-88.08561127,2021-02-02 20:02 EDT
Will,Illinois,60910,0,835,0,1.4%,5719,51,41.44505655,-87.97865231,2021-02-02 20:02 EDT
Lake,Illinois,55663,0,870,0,1.6%,6589,67,42.32327645,-88.00353452,2021-02-02 20:02 EDT
Kane,Illinois,47991,0,677,0,1.4%,6359,16,41.93887565,-88.42863925,2021-02-02 20:02 EDT
Winnebago,Illinois,27133,0,399,0,1.5%,6039,38,42.265679999999996,-89.24139,2021-02-02 20:02 EDT
Madison,Illinois,25953,0,426,0,1.6%,6419,11,38.83006224,-89.9017802,2021-02-02 20:02 EDT
St. Clair,Illinois,23525,0,425,0,1.8%,6389,14,38.46996471,-89.92749975,2021-02-02 20:02 EDT
McHenry,Illinois,22626,0,242,0,1.1%,6159,54,42.326209999999996,-88.26731,2021-02-02 20:02 EDT
Champaign,Illinois,16244,0,101,0,0.6%,5359,41,40.1142,-88.2435,2021-02-02 20:02 EDT
Peoria,Illinois,15736,0,241,0,1.5%,6819,65,40.69236,-89.58799,2021-02-02 20:02 EDT
Sangamon,Illinois,15148,0,210,0,1.4%,6619,52,39.75815792,-89.65888740000004,2021-02-02 20:02 EDT
McLean,Illinois,13812,0,142,0,1.0%,6119,59,40.4908761,-88.84731521,2021-02-02 20:02 EDT
Tazewell,Illinois,12574,0,224,0,1.8%,5979,81,40.50750325,-89.51351745,2021-02-02 20:02 EDT
Rock Island,Illinois,12360,0,269,0,2.2%,6769,8,41.511959999999995,-90.57607,2021-02-02 20:02 EDT
Kankakee,Illinois,11842,0,181,0,1.5%,6999,2,41.13771418,-87.86181763,2021-02-02 20:02 EDT
Kendall,Illinois,10267,0,76,0,0.7%,5169,80,41.59058793,-88.42880574,2021-02-02 20:02 EDT
LaSalle,Illinois,10016,0,200,0,2.0%,4899,82,41.34400744,-88.88594642,2021-02-02 20:02 EDT
Macon,Illinois,9073,0,173,0,1.9%,7339,0,39.86000596,-88.96158169,2021-02-02 20:02 EDT
Vermilion,Illinois,7967,0,103,0,1.3%,5899,25,40.183406299999994,-87.73280909999998,2021-02-02 20:02 EDT
DeKalb,Illinois,7805,0,100,0,1.3%,549,9,41.89355666,-88.77029027,2021-02-02 20:02 EDT
Adams,Illinois,7684,0,107,0,1.4%,6159,7,39.98779601,-91.18448433,2021-02-02 20:02 EDT
Williamson,Illinois,6487,0,111,0,1.7%,5459,1,37.73016812,-88.92990905,2021-02-02 20:02 EDT
Boone,Illinois,5704,0,69,0,1.2%,6649,9,42.32307929,-88.82337270000002,2021-02-02 20:02 EDT
Whiteside,Illinois,5537,0,136,0,2.5%,5999,9,41.75533495,-89.91231676,2021-02-02 20:02 EDT
Clinton,Illinois,5289,0,82,0,1.6%,549,1,40.1536,-88.9645,2021-02-02 20:02 EDT
Coles,Illinois,4871,0,86,0,1.8%,4599,9,39.52028617,-88.22175501,2021-02-02 20:02 EDT
Ogle,Illinois,4789,0,67,0,1.4%,699,4,42.04264493,-89.32067151,2021-02-02 20:02 EDT
Knox,Illinois,4765,0,118,0,2.5%,6369,7,40.93178932,-90.21320076,2021-02-02 20:02 EDT
Grundy,Illinois,4632,0,51,0,1.1%,6839,9,41.28509707,-88.41849383,2021-02-02 20:02 EDT
Effingham,Illinois,4376,0,64,0,1.5%,9529,0,39.05976143,-88.58984419,2021-02-02 20:02 EDT
Jackson,Illinois,4371,0,59,0,1.3%,6379,9,37.78549498,-89.38103883,2021-02-02 20:02 EDT
Henry,Illinois,4167,0,52,0,1.2%,7369,2,41.3530971,-90.13137241,2021-02-02 20:02 EDT
Marion,Illinois,4165,0,107,0,2.6%,5879,0,38.64958383,-88.91892932,2021-02-02 20:02 EDT
Macoupin,Illinois,4112,0,71,0,1.7%,7299,6,39.26100111,-89.92440215,2021-02-02 20:02 EDT
Franklin,Illinois,3983,0,61,0,1.5%,7969,3,37.99225264,-88.92421012,2021-02-02 20:02 EDT
Livingston,Illinois,3899,0,62,0,1.6%,6089,1,40.891555,-88.55772305,2021-02-02 20:02 EDT
Randolph,Illinois,3847,0,73,0,1.9%,5179,3,38.05412332,-89.82377735,2021-02-02 20:02 EDT
Monroe,Illinois,3789,0,72,0,1.9%,4819,9,38.27850832,-90.17455562,2021-02-02 20:02 EDT
Stephenson,Illinois,3727,0,63,0,1.7%,4029,3,42.35183834,-89.66225046,2021-02-02 20:02 EDT
Jefferson,Illinois,3660,0,107,0,2.9%,4379,1,38.30050521,-88.92399427,2021-02-02 20:02 EDT
Woodford,Illinois,3418,0,57,0,1.7%,6759,3,40.84437,-89.02781,2021-02-02 20:02 EDT
Morgan,Illinois,3352,0,74,0,2.2%,699,92,39.71556262,-90.20152881,2021-02-02 20:02 EDT
Montgomery,Illinois,3240,0,56,0,1.7%,4559,6,39.23103717,-89.47882290000004,2021-02-02 20:02 EDT
Logan,Illinois,3210,0,50,0,1.6%,7929,0,40.12452684,-89.36752217,2021-02-02 20:02 EDT
Lee,Illinois,3189,0,39,0,1.2%,6949,3,41.74620411,-89.30033538,2021-02-02 20:02 EDT
Bureau,Illinois,3106,0,72,0,2.3%,4069,8,41.4041499,-89.52866159999998,2021-02-02 20:02 EDT
Christian,Illinois,3106,0,61,0,2.0%,5199,9,39.54577609,-89.27725101,2021-02-02 20:02 EDT
Fayette,Illinois,3002,0,51,0,1.7%,609,6,39.00016710000001,-89.02410588,2021-02-02 20:02 EDT
Perry,Illinois,2858,0,55,0,1.9%,5549,8,38.08373455,-89.36704278,2021-02-02 20:02 EDT
Fulton,Illinois,2678,0,43,0,1.6%,5669,3,40.47275446,-90.20751673,2021-02-02 20:02 EDT
Iroquois,Illinois,2667,0,57,0,2.1%,5719,1,40.74722933,-87.82430334,2021-02-02 20:02 EDT
Jersey,Illinois,2348,0,44,0,1.9%,6639,1,39.08677058,-90.35664138,2021-02-02 20:02 EDT
Lawrence,Illinois,2222,0,22,0,1.0%,5629,4,38.71991649,-87.72676998,2021-02-02 20:02 EDT
McDonough,Illinois,2218,0,39,0,1.8%,649,8,40.45623783,-90.67784734,2021-02-02 20:02 EDT
Saline,Illinois,2124,0,42,0,2.0%,6769,3,37.75313956,-88.54075341,2021-02-02 20:02 EDT
Douglas,Illinois,2105,0,29,0,1.4%,4069,1,39.76945009,-88.21732540000002,2021-02-02 20:02 EDT
Union,Illinois,2085,0,30,0,1.4%,2969,8,37.4717301,-89.25250896,2021-02-02 20:02 EDT
Shelby,Illinois,2047,0,33,0,1.6%,6729,9,39.39116152,-88.8054871,2021-02-02 20:02 EDT
Crawford,Illinois,1882,0,21,0,1.1%,6259,3,39.00271319,-87.75955069999998,2021-02-02 20:02 EDT
Cass,Illinois,1826,0,22,0,1.2%,509,5,39.97404210000001,-90.24734567,2021-02-02 20:02 EDT
Bond,Illinois,1806,0,21,0,1.2%,6679,7,38.88682475,-89.43551296,2021-02-02 20:02 EDT
Pike,Illinois,1634,0,47,0,2.9%,7189,0,39.62338498,-90.88186593,2021-02-02 20:02 EDT
Warren,Illinois,1613,0,43,0,2.7%,5799,0,40.84883666,-90.61501604,2021-02-02 20:02 EDT
Richland,Illinois,1594,0,37,0,2.3%,6199,6,38.71233115,-88.08511849,2021-02-02 20:02 EDT
Hancock,Illinois,1587,0,27,0,1.7%,6889,4,40.40217874,-91.15974934,2021-02-02 20:02 EDT
Clark,Illinois,1580,0,28,0,1.8%,5079,4,39.33357058,-87.78767739,2021-02-02 20:02 EDT
Wayne,Illinois,1569,0,43,0,2.7%,6399,3,38.42954085,-88.42556264,2021-02-02 20:02 EDT
Jo Daviess,Illinois,1547,0,22,0,1.4%,7359,3,42.36604806,-90.20521679,2021-02-02 20:02 EDT
Washington,Illinois,1519,0,20,0,1.3%,7129,5,38.35225393,-89.41049152,2021-02-02 20:02 EDT
Edgar,Illinois,1506,0,33,0,2.2%,7889,1,39.67852883,-87.74554856,2021-02-02 20:02 EDT
Carroll,Illinois,1500,0,32,0,2.1%,7029,7,42.07047395,-89.92810675,2021-02-02 20:02 EDT
White,Illinois,1455,0,23,0,1.6%,6569,1,38.08746945,-88.17955970000001,2021-02-02 20:02 EDT
Ford,Illinois,1430,0,43,0,3.0%,1829,8,40.59716465,-88.22327566,2021-02-02 20:02 EDT
Moultrie,Illinois,1427,0,20,0,1.4%,8489,0,39.6414909,-88.61928234,2021-02-02 20:02 EDT
Clay,Illinois,1370,0,36,0,2.6%,4329,1,38.75413226,-88.49016094,2021-02-02 20:02 EDT
Greene,Illinois,1298,0,30,0,2.3%,7199,0,39.35610506,-90.39045797,2021-02-02 20:02 EDT
Johnson,Illinois,1289,0,9,0,0.7%,5569,4,37.45958836,-88.88080163,2021-02-02 20:02 EDT
Wabash,Illinois,1243,0,12,0,1.0%,7929,1,38.44598603,-87.84434147,2021-02-02 20:02 EDT
Piatt,Illinois,1221,0,13,0,1.1%,429,3,40.01030982,-88.59106821,2021-02-02 20:02 EDT
Mason,Illinois,1214,0,40,0,3.3%,6679,2,40.2402084,-89.91585774,2021-02-02 20:02 EDT
Mercer,Illinois,1204,0,31,0,2.6%,5459,0,41.20540744,-90.73868386,2021-02-02 20:02 EDT
De Witt,Illinois,1204,0,22,0,1.8%,8379,0,40.1856,-88.78604,2021-02-02 20:02 EDT
Cumberland,Illinois,1125,0,15,0,1.3%,8579,0,39.27332831,-88.24016822,2021-02-02 20:02 EDT
Massac,Illinois,1105,0,30,0,2.7%,446,1,37.21933264,-88.70758642,2021-02-02 20:02 EDT
Jasper,Illinois,1077,0,14,0,1.3%,6799,0,39.01000253,-88.15380616,2021-02-02 20:02 EDT
Menard,Illinois,939,0,6,0,0.6%,6599,5,40.02739386,-89.80215609,2021-02-02 20:02 EDT
Hamilton,Illinois,746,0,14,0,1.9%,1879,3,38.08155418,-88.5390695,2021-02-02 20:02 EDT
Marshall,Illinois,738,0,13,0,1.8%,4199,5,41.03314614,-89.3447671,2021-02-02 20:02 EDT
Schuyler,Illinois,658,0,5,0,0.8%,8679,0,40.15810303,-90.61534194,2021-02-02 20:02 EDT
Pulaski,Illinois,639,0,3,0,0.5%,4167,4,37.138329999999996,-89.13879,2021-02-02 20:02 EDT
Brown,Illinois,636,0,6,0,0.9%,3759,0,39.96178957,-90.75034309,2021-02-02 20:02 EDT
Stark,Illinois,502,0,21,0,4.2%,8579,0,41.0933701,-89.79742375,2021-02-02 20:02 EDT
Edwards,Illinois,489,0,8,0,1.6%,8269,0,38.416478399999995,-88.05324015,2021-02-02 20:02 EDT
Henderson,Illinois,475,0,8,0,1.7%,7069,0,40.81745032,-90.92148018,2021-02-02 20:02 EDT
Calhoun,Illinois,453,0,2,0,0.4%,8189,0,39.17257952,-90.66426855,2021-02-02 20:02 EDT
Scott,Illinois,418,0,1,0,0.2%,8219,0,39.64408093200007,-90.47480780499995,2021-02-02 20:02 EDT
Alexander,Illinois,412,0,8,0,1.9%,7229,0,37.19640674,-89.3372393,2021-02-02 20:02 EDT
Gallatin,Illinois,409,0,3,0,0.7%,509,0,37.76295417,-88.23091585,2021-02-02 20:02 EDT
Putnam,Illinois,373,0,2,0,0.5%,4129,0,41.20445296,-89.28576557,2021-02-02 20:02 EDT
Hardin,Illinois,316,0,10,0,3.2%,709,0,37.51885136,-88.26889119,2021-02-02 20:02 EDT
Pope,Illinois,264,0,3,0,1.1%,4559,0,37.4144211,-88.56219347,2021-02-02 20:02 EDT
Out of state,Illinois,37,0,0,0,0.0%,0,0,39.62353761,-90.04919532,2021-02-02 20:02 EDT
Gwinnett,Georgia,84210,535,776,5,0.9%,469,693,33.96118879,-84.0235873,2021-02-02 20:02 EDT
Fulton,Georgia,77977,348,964,9,1.2%,3059,8,33.79024066,-84.46711002,2021-02-02 20:02 EDT
Cobb,Georgia,63322,348,750,3,1.2%,2249,902,33.9414802,-84.57663741,2021-02-02 20:02 EDT
DeKalb,Georgia,51738,262,665,10,1.3%,2379,121,33.77153731,-84.22646531,2021-02-02 20:02 EDT
Non-Georgia Resident,Georgia,28481,0,429,0,1.5%,49629,63,32.64832455,-83.44453440000002,2021-02-02 20:02 EDT
Cherokee,Georgia,24437,146,209,0,0.9%,2889,132,34.24398966,-84.47624414,2021-02-02 20:02 EDT
Hall,Georgia,24087,133,336,8,1.4%,4659,95,34.32041152,-83.81043541,2021-02-02 20:02 EDT
Richmond,Georgia,20782,78,355,7,1.7%,1939,64,33.35962968,-82.07361638,2021-02-02 20:02 EDT
Clayton,Georgia,19877,109,315,5,1.6%,2029,35,33.54197299,-84.35769948,2021-02-02 20:02 EDT
Henry,Georgia,19324,127,220,2,1.1%,2969,31,33.45301628,-84.15426282,2021-02-02 20:02 EDT
Chatham,Georgia,18390,113,310,8,1.7%,1759,17,32.00381442,-81.13307069,2021-02-02 20:02 EDT
Forsyth,Georgia,16772,82,113,1,0.7%,4279,96,34.22493225,-84.13349923,2021-02-02 20:02 EDT
Whitfield,Georgia,15080,52,177,3,1.2%,1749,41,34.80552576,-84.96721045,2021-02-02 20:02 EDT
Columbia,Georgia,14335,71,151,4,1.1%,167,70,33.53724806,-82.26219609,2021-02-02 20:02 EDT
Bibb,Georgia,13436,108,331,5,2.5%,2649,65,32.80663592,-83.69775904,2021-02-02 20:02 EDT
Muscogee,Georgia,13245,81,273,8,2.1%,619,90,32.50990011,-84.87686884,2021-02-02 20:02 EDT
Clarke,Georgia,13137,57,95,2,0.7%,2329,77,33.95110572,-83.36741217,2021-02-02 20:02 EDT
Paulding,Georgia,12856,104,151,3,1.2%,2379,84,33.92042456,-84.8672012,2021-02-02 20:02 EDT
Houston,Georgia,12086,74,186,5,1.5%,172,55,32.45894643,-83.66617499,2021-02-02 20:02 EDT
Douglas,Georgia,11891,73,151,0,1.3%,1059,48,33.70179591,-84.76824051,2021-02-02 20:02 EDT
Coweta,Georgia,11481,71,120,3,1.0%,1619,53,33.35360269,-84.76336691,2021-02-02 20:02 EDT
Bartow,Georgia,11369,77,168,1,1.5%,349,21,34.23764397,-84.84072940000001,2021-02-02 20:02 EDT
Lowndes,Georgia,10796,74,166,1,1.5%,339,35,30.83362831,-83.26769554,2021-02-02 20:02 EDT
Floyd,Georgia,10033,92,164,1,1.6%,2319,2,34.26324245,-85.21452762,2021-02-02 20:02 EDT
Carroll,Georgia,9706,60,177,3,1.8%,1689,86,33.58262645,-85.07982315,2021-02-02 20:02 EDT
Newton,Georgia,8437,52,166,2,2.0%,2169,24,33.55500659,-83.8502182,2021-02-02 20:02 EDT
Walton,Georgia,8408,49,166,4,2.0%,2359,93,33.78152214,-83.73384243,2021-02-02 20:02 EDT
Jackson,Georgia,8360,86,109,3,1.3%,349,7,34.13389628,-83.5663431,2021-02-02 20:02 EDT
Barrow,Georgia,8139,70,97,2,1.2%,3939,9,33.99322516,-83.71272533,2021-02-02 20:02 EDT
Glynn,Georgia,6879,46,152,0,2.2%,49159,85,31.23258257,-81.54266737,2021-02-02 20:02 EDT
Fayette,Georgia,6858,32,111,0,1.6%,1819,53,33.413909100000005,-84.49427247,2021-02-02 20:02 EDT
Dougherty,Georgia,6648,25,253,2,3.8%,1389,25,31.53332494,-84.21629439,2021-02-02 20:02 EDT
Troup,Georgia,6548,29,170,6,2.6%,2999,11,33.03351893,-85.02826168,2021-02-02 20:02 EDT
Gordon,Georgia,6440,59,86,2,1.3%,339,20,34.50319646,-84.87587883,2021-02-02 20:02 EDT
Bulloch,Georgia,5787,37,78,0,1.3%,172,74,32.3968474,-81.74317914,2021-02-02 20:02 EDT
Rockdale,Georgia,5775,25,115,3,2.0%,3559,42,33.65422498,-84.02668352,2021-02-02 20:02 EDT
Walker,Georgia,5683,69,72,0,1.3%,4929,74,34.73559363,-85.30086824,2021-02-02 20:02 EDT
Laurens,Georgia,5099,39,141,0,2.8%,1389,13,32.46368817,-82.92216465,2021-02-02 20:02 EDT
Spalding,Georgia,5030,32,131,1,2.6%,469,69,33.26086704,-84.28421107,2021-02-02 20:02 EDT
Coffee,Georgia,4925,10,124,1,2.5%,43769,28,31.54905082,-82.84922205,2021-02-02 20:02 EDT
Catoosa,Georgia,4863,49,53,0,1.1%,1739,30,34.90368893,-85.1382067,2021-02-02 20:02 EDT
Polk,Georgia,4803,19,65,0,1.4%,3059,78,34.00168812,-85.18810974,2021-02-02 20:02 EDT
Habersham,Georgia,4527,18,123,1,2.7%,379,2,34.63097339,-83.53117053,2021-02-02 20:02 EDT
Tift,Georgia,4498,13,106,0,2.4%,1889,25,31.45732246,-83.52672092,2021-02-02 20:02 EDT
Ware,Georgia,4321,22,122,2,2.8%,3269,30,31.0536875,-82.42369749,2021-02-02 20:02 EDT
Murray,Georgia,4127,14,54,1,1.3%,1129,91,34.78840201,-84.74814487,2021-02-02 20:02 EDT
Colquitt,Georgia,4078,20,76,1,1.9%,41669,4,31.18836215,-83.76871368,2021-02-02 20:02 EDT
Thomas,Georgia,3987,23,100,1,2.5%,3599,61,30.86367792,-83.91930729,2021-02-02 20:02 EDT
Baldwin,Georgia,3986,19,94,0,2.4%,769,34,33.06898258,-83.24986009,2021-02-02 20:02 EDT
Effingham,Georgia,3621,17,48,0,1.3%,329,9,32.36755649,-81.34129987,2021-02-02 20:02 EDT
Oconee,Georgia,3317,25,51,2,1.5%,2299,28,33.83486019,-83.43704215,2021-02-02 20:02 EDT
Camden,Georgia,3305,16,25,0,0.8%,2599,26,30.93250252,-81.67112807,2021-02-02 20:02 EDT
Upson,Georgia,3040,29,100,0,3.3%,2129,4,32.88119109,-84.29935932,2021-02-02 20:02 EDT
Wayne,Georgia,3025,19,67,3,2.2%,4369,85,31.55141259,-81.91673816,2021-02-02 20:02 EDT
Toombs,Georgia,3024,9,90,5,3.0%,3219,6,32.12178276,-82.33134888,2021-02-02 20:02 EDT
White,Georgia,2832,17,64,5,2.3%,1959,5,34.64612749,-83.74697318,2021-02-02 20:02 EDT
Stephens,Georgia,2791,13,68,1,2.4%,1859,7,34.55349319,-83.29585921,2021-02-02 20:02 EDT
Liberty,Georgia,2766,28,41,0,1.5%,1799,92,31.82799636,-81.49460872,2021-02-02 20:02 EDT
Madison,Georgia,2755,12,37,0,1.3%,2249,25,34.12777423,-83.20911717,2021-02-02 20:02 EDT
Pickens,Georgia,2754,10,53,2,1.9%,3269,20,34.46428491,-84.465653,2021-02-02 20:02 EDT
Bryan,Georgia,2736,24,26,0,1.0%,2299,38,32.01425892,-81.44337836,2021-02-02 20:02 EDT
Chattahoochee,Georgia,2725,50,5,1,0.2%,3289,74,32.34702048,-84.78680764,2021-02-02 20:02 EDT
Lumpkin,Georgia,2618,17,44,4,1.7%,5159,5,34.5722039,-84.00274240000002,2021-02-02 20:02 EDT
Decatur,Georgia,2583,23,57,0,2.2%,43549,34,30.88199236,-84.57119441,2021-02-02 20:02 EDT
Dawson,Georgia,2548,19,26,1,1.0%,4299,0,34.44531828,-84.17291329,2021-02-02 20:02 EDT
Gilmer,Georgia,2545,27,51,1,2.0%,4959,50,34.69119523,-84.45551769,2021-02-02 20:02 EDT
Butts,Georgia,2415,41,63,1,2.6%,159,29,33.28780542,-83.95714484,2021-02-02 20:02 EDT
Lee,Georgia,2405,16,42,2,1.7%,377,27,31.77959716,-84.14088023,2021-02-02 20:02 EDT
Chattooga,Georgia,2378,1,58,0,2.4%,4689,9,34.4749213,-85.34555104,2021-02-02 20:02 EDT
Franklin,Georgia,2362,24,34,0,1.4%,2319,3,44.72964,-73.11695999999998,2021-02-02 20:02 EDT
Emanuel,Georgia,2322,12,72,3,3.1%,1959,2,32.58976118,-82.30168513,2021-02-02 20:02 EDT
Haralson,Georgia,2284,9,65,1,2.8%,3229,9,33.79416486,-85.21083564,2021-02-02 20:02 EDT
Sumter,Georgia,2245,9,85,0,3.8%,2359,5,32.0399387,-84.19706313,2021-02-02 20:02 EDT
Burke,Georgia,2194,10,43,6,2.0%,2829,9,33.06109792,-82.00070282,2021-02-02 20:02 EDT
Peach,Georgia,2190,24,39,0,1.8%,69,10,32.5688118,-83.82678717,2021-02-02 20:02 EDT
Pierce,Georgia,2186,2,43,1,2.0%,5059,3,31.35881925,-82.21274608,2021-02-02 20:02 EDT
Monroe,Georgia,2142,8,83,1,3.9%,3439,1,33.0141038,-83.91866148,2021-02-02 20:02 EDT
Elbert,Georgia,2106,22,45,0,2.1%,2589,9,34.1178701,-82.84199623,2021-02-02 20:02 EDT
Harris,Georgia,2105,12,40,0,1.9%,4237,15,32.73603676,-84.90910769,2021-02-02 20:02 EDT
Mcduffie,Georgia,2104,15,35,0,1.7%,4246,42,33.47954268,-82.48106247,2021-02-02 20:02 EDT
Hart,Georgia,2072,12,46,1,2.2%,3549,2,34.34543654,-82.97082417,2021-02-02 20:02 EDT
Appling,Georgia,2017,0,54,1,2.7%,4209,6,31.74929966,-82.28891939,2021-02-02 20:02 EDT
Tattnall,Georgia,2008,12,47,2,2.3%,2379,7,32.04576272,-82.05815138,2021-02-02 20:02 EDT
Fannin,Georgia,1990,7,55,2,2.8%,239,4,34.86418423,-84.31991879,2021-02-02 20:02 EDT
Dodge,Georgia,1983,6,87,0,4.4%,2339,6,32.17221725,-83.16835288,2021-02-02 20:02 EDT
Ben Hill,Georgia,1966,5,67,1,3.4%,446,6,33.6734,-84.53483,2021-02-02 20:02 EDT
Union,Georgia,1899,7,59,3,3.1%,1859,6,34.83393046,-83.99045062,2021-02-02 20:02 EDT
Grady,Georgia,1892,10,47,1,2.5%,9,7,30.87470084,-84.23435468,2021-02-02 20:02 EDT
Pike,Georgia,1862,21,29,1,1.6%,199,8,33.09217827,-84.38919321,2021-02-02 20:02 EDT
Mitchell,Georgia,1847,7,71,0,3.8%,45219,8,31.2252705,-84.19418271,2021-02-02 20:02 EDT
Washington,Georgia,1825,12,57,3,3.1%,1769,1,32.969519,-82.79585686,2021-02-02 20:02 EDT
Crisp,Georgia,1818,5,53,1,2.9%,1199,9,31.92288924,-83.76806139,2021-02-02 20:02 EDT
Putnam,Georgia,1803,13,41,2,2.3%,4139,9,33.32175974,-83.37284188,2021-02-02 20:02 EDT
Lamar,Georgia,1727,9,41,0,2.4%,459,6,33.76059,-95.82812,2021-02-02 20:02 EDT
Jefferson,Georgia,1711,5,50,1,2.9%,4429,3,33.0549109,-82.41810831,2021-02-02 20:02 EDT
Jones,Georgia,1686,15,32,1,1.9%,819,1,33.02515,-83.56035212,2021-02-02 20:02 EDT
Meriwether,Georgia,1662,8,35,2,2.1%,2119,7,33.04078733,-84.68840726,2021-02-02 20:02 EDT
Jeff Davis,Georgia,1635,24,39,1,2.4%,4177,3,31.80543241,-82.63674666,2021-02-02 20:02 EDT
Morgan,Georgia,1623,19,12,0,0.7%,2349,2,34.45333,-86.93016,2021-02-02 20:02 EDT
Worth,Georgia,1618,5,52,0,3.2%,474,3,31.55158875,-83.85098391,2021-02-02 20:02 EDT
Cook,Georgia,1601,7,36,1,2.2%,2869,5,31.15391366,-83.4303617,2021-02-02 20:02 EDT
Banks,Georgia,1565,7,29,0,1.9%,2419,1,34.35411317,-83.49743089,2021-02-02 20:02 EDT
Greene,Georgia,1548,7,38,0,2.5%,429,9,33.57875281,-83.16670569,2021-02-02 20:02 EDT
Berrien,Georgia,1546,12,35,0,2.3%,2169,9,31.27606105,-83.22975532,2021-02-02 20:02 EDT
Rabun,Georgia,1483,3,35,0,2.4%,3939,7,34.88167573,-83.40221365,2021-02-02 20:02 EDT
Brantley,Georgia,1395,12,25,0,1.8%,1469,2,31.19685689,-81.9820173,2021-02-02 20:02 EDT
Bleckley,Georgia,1322,6,43,0,3.3%,189,1,32.43453726,-83.32783694,2021-02-02 20:02 EDT
Bacon,Georgia,1319,9,31,0,2.4%,5549,9,31.55367232,-82.45267840000002,2021-02-02 20:02 EDT
Oglethorpe,Georgia,1297,15,17,0,1.3%,1839,8,33.88064727,-83.0805677,2021-02-02 20:02 EDT
Charlton,Georgia,1241,5,23,0,1.9%,4609,0,30.78171091,-82.13776476,2021-02-02 20:02 EDT
Brooks,Georgia,1191,9,38,0,3.2%,1439,6,30.84213007,-83.58044259,2021-02-02 20:02 EDT
Jasper,Georgia,1181,9,27,0,2.3%,3449,2,33.31638086,-83.68809707,2021-02-02 20:02 EDT
Telfair,Georgia,1157,22,46,1,4.0%,48549,9,31.929318900000002,-82.93898954,2021-02-02 20:02 EDT
Dade,Georgia,1102,12,9,0,0.8%,43419,5,34.85455153,-85.50443619,2021-02-02 20:02 EDT
Early,Georgia,1049,0,44,0,4.2%,4639,6,31.32275589,-84.90368024,2021-02-02 20:02 EDT
Johnson,Georgia,1014,6,38,0,3.7%,819,4,32.70149191,-82.66004169,2021-02-02 20:02 EDT
Towns,Georgia,999,5,43,0,4.3%,42319,2,34.91664063,-83.7371836,2021-02-02 20:02 EDT
Atkinson,Georgia,943,2,14,0,1.5%,1489,3,31.29712539,-82.8801485,2021-02-02 20:02 EDT
Wilkes,Georgia,932,4,20,0,2.1%,2169,0,33.78244142,-82.74431235,2021-02-02 20:02 EDT
Dooly,Georgia,920,9,34,0,3.7%,3089,5,32.15713852,-83.79877218,2021-02-02 20:02 EDT
Turner,Georgia,913,6,28,0,3.1%,469,7,31.71635344,-83.62405504,2021-02-02 20:02 EDT
Candler,Georgia,870,0,44,2,5.1%,7699,0,32.40338087,-82.07363459,2021-02-02 20:02 EDT
Clinch,Georgia,857,3,20,1,2.3%,2569,2,30.91495659,-82.7062035,2021-02-02 20:02 EDT
Seminole,Georgia,853,4,15,0,1.8%,7399,2,30.94796731,-84.8685677,2021-02-02 20:02 EDT
Irwin,Georgia,845,3,24,0,2.8%,9,3,31.60228761,-83.27631819,2021-02-02 20:02 EDT
Evans,Georgia,842,5,17,0,2.0%,4699,1,32.15680035,-81.88693171,2021-02-02 20:02 EDT
Hancock,Georgia,827,5,54,0,6.5%,3339,6,33.27025372,-83.0010033,2021-02-02 20:02 EDT
Screven,Georgia,815,4,19,0,2.3%,169,2,32.75056735,-81.61198076,2021-02-02 20:02 EDT
Wilkinson,Georgia,815,5,21,0,2.6%,329,7,32.80243181,-83.17127711,2021-02-02 20:02 EDT
Montgomery,Georgia,813,6,20,1,2.5%,4174,7,32.17335546,-82.53483678,2021-02-02 20:02 EDT
Pulaski,Georgia,810,3,33,0,4.1%,417,8,32.23221006,-83.47595871,2021-02-02 20:02 EDT
Jenkins,Georgia,780,2,37,0,4.7%,428,7,32.79240686,-81.96353889,2021-02-02 20:02 EDT
Stewart,Georgia,764,1,18,0,2.4%,3169,3,32.0786911,-84.83407425,2021-02-02 20:02 EDT
Treutlen,Georgia,762,11,21,2,2.8%,4259,0,32.4038265,-82.56725914,2021-02-02 20:02 EDT
Heard,Georgia,731,2,14,0,1.9%,1339,6,33.29691499,-85.12838545,2021-02-02 20:02 EDT
Miller,Georgia,725,5,7,0,1.0%,4319,3,31.16394414,-84.73065654,2021-02-02 20:02 EDT
Wilcox,Georgia,719,2,43,1,6.0%,46369,8,31.97294127,-83.43251677,2021-02-02 20:02 EDT
Long,Georgia,718,6,9,0,1.3%,4189,6,31.7525468,-81.74578697,2021-02-02 20:02 EDT
Taylor,Georgia,709,20,21,0,3.0%,47399,0,32.55558686,-84.24922651,2021-02-02 20:02 EDT
Macon,Georgia,702,6,19,0,2.7%,1929,2,32.35769873,-84.04259517,2021-02-02 20:02 EDT
Terrell,Georgia,698,4,37,0,5.3%,41589,92,31.77676171,-84.43678999,2021-02-02 20:02 EDT
Lanier,Georgia,689,5,10,0,1.5%,147,9,31.03802211,-83.06258139,2021-02-02 20:02 EDT
Lincoln,Georgia,677,1,17,0,2.5%,2459,0,33.79723474,-82.46708136,2021-02-02 20:02 EDT
Mcintosh,Georgia,665,7,12,0,1.8%,41829,9,31.49917809,-81.41109983,2021-02-02 20:02 EDT
Wheeler,Georgia,588,7,21,0,3.6%,428759,1,32.11699453,-82.72456357,2021-02-02 20:02 EDT
Twiggs,Georgia,574,2,27,0,4.7%,1189,5,32.66716778,-83.42700283,2021-02-02 20:02 EDT
Crawford,Georgia,572,4,12,0,2.1%,474,9,32.71449856,-83.98633841,2021-02-02 20:02 EDT
Randolph,Georgia,553,3,31,0,5.6%,2869,5,31.76259707,-84.75413416,2021-02-02 20:02 EDT
Calhoun,Georgia,536,0,12,0,2.2%,4174,7,31.52910617,-84.62448565,2021-02-02 20:02 EDT
Warren,Georgia,471,3,10,0,2.1%,41339,4,33.40892921,-82.67672549,2021-02-02 20:02 EDT
Marion,Georgia,462,1,11,0,2.4%,42619,9,32.35344941,-84.52455824,2021-02-02 20:02 EDT
Echols,Georgia,432,4,6,0,1.4%,709,0,30.71006964,-82.89391997,2021-02-02 20:02 EDT
Talbot,Georgia,414,2,13,0,3.1%,4259,0,32.69941969,-84.53297092,2021-02-02 20:02 EDT
Schley,Georgia,276,0,2,0,0.7%,509,0,32.26200792,-84.31478743,2021-02-02 20:02 EDT
Glascock,Georgia,230,2,11,1,4.8%,43759,1,33.22930468,-82.6107943,2021-02-02 20:02 EDT
Clay,Georgia,219,0,3,0,1.4%,2869,0,31.61804399,-84.96809245,2021-02-02 20:02 EDT
Baker,Georgia,208,0,6,0,2.9%,8339,0,31.32609409,-84.44447039,2021-02-02 20:02 EDT
Quitman,Georgia,148,1,1,0,0.7%,2319,0,31.86654953,-85.01295456,2021-02-02 20:02 EDT
Webster,Georgia,121,1,3,0,2.5%,167,0,32.046727600000004,-84.55088178,2021-02-02 20:02 EDT
Taliaferro,Georgia,107,0,0,0,0.0%,167,0,33.56613302,-82.87881086,2021-02-02 20:02 EDT
Franklin,Ohio,105457,355,710,1,0.7%,3049,841,39.96947128,-83.00933072,2021-02-02 20:02 EDT
Cuyahoga,Ohio,89554,183,1207,3,1.3%,2839,661,41.42441485,-81.65858169,2021-02-02 20:02 EDT
Hamilton,Ohio,67772,378,460,0,0.7%,1849,624,39.19604613,-84.54207829,2021-02-02 20:02 EDT
Montgomery,Ohio,44835,148,438,5,1.0%,2829,173,39.75468776,-84.29097551,2021-02-02 20:02 EDT
Summit,Ohio,36733,192,811,2,2.2%,1549,322,41.12591572,-81.53218826,2021-02-02 20:02 EDT
Lucas,Ohio,32852,105,675,6,2.1%,167,58,41.61985841,-83.65977665,2021-02-02 20:02 EDT
Butler,Ohio,32614,144,254,11,0.8%,1979,163,39.43863845,-84.57616769,2021-02-02 20:02 EDT
Stark,Ohio,27202,129,466,0,1.7%,172,55,40.81390964,-81.3656565,2021-02-02 20:02 EDT
Warren,Ohio,20726,108,150,1,0.7%,819,87,39.42756349,-84.16668839,2021-02-02 20:02 EDT
Lorain,Ohio,20199,92,239,0,1.2%,1459,21,41.4682,-82.17815,2021-02-02 20:02 EDT
Mahoning,Ohio,18135,77,339,0,1.9%,899,74,41.01464431,-80.77623825,2021-02-02 20:02 EDT
Clermont,Ohio,16946,89,120,0,0.7%,219,11,39.04799835,-84.1518028,2021-02-02 20:02 EDT
Lake,Ohio,16931,64,169,6,1.0%,2349,81,41.69640842,-81.23731889,2021-02-02 20:02 EDT
Delaware,Ohio,15165,49,82,0,0.5%,1339,27,40.27842038,-83.00497693,2021-02-02 20:02 EDT
Licking,Ohio,13946,66,147,0,1.1%,2229,93,40.09168119,-82.48310277,2021-02-02 20:02 EDT
Fairfield,Ohio,13491,62,85,1,0.6%,3169,74,39.75160112,-82.63054367,2021-02-02 20:02 EDT
Trumbull,Ohio,13329,56,326,0,2.4%,2499,49,41.31706712,-80.7611827,2021-02-02 20:02 EDT
Greene,Ohio,12677,55,150,0,1.2%,939,51,39.69153624,-83.88995224,2021-02-02 20:02 EDT
Medina,Ohio,12285,96,177,0,1.4%,499,87,41.14042,-81.86402,2021-02-02 20:02 EDT
Clark,Ohio,11518,56,293,4,2.5%,4059,24,39.91665401,-83.78374972,2021-02-02 20:02 EDT
Wood,Ohio,10870,26,159,1,1.5%,1489,63,41.36181919,-83.62298935,2021-02-02 20:02 EDT
Allen,Ohio,10320,47,133,1,1.3%,2639,89,40.77150975,-84.10580165,2021-02-02 20:02 EDT
Portage,Ohio,9973,70,115,1,1.2%,969,59,41.16769121,-81.197434,2021-02-02 20:02 EDT
Richland,Ohio,9605,40,146,1,1.5%,969,30,40.77469823,-82.53644023,2021-02-02 20:02 EDT
Miami,Ohio,9527,38,73,0,0.8%,2039,55,40.05344879,-84.22890719,2021-02-02 20:02 EDT
Tuscarawas,Ohio,7665,20,191,0,2.5%,2459,10,40.39758,-81.40727,2021-02-02 20:02 EDT
Marion,Ohio,7657,18,113,0,1.5%,474,45,40.587205299999994,-83.16076959,2021-02-02 20:02 EDT
Columbiana,Ohio,7634,16,130,5,1.7%,2539,1,40.76856034,-80.77736999999998,2021-02-02 20:02 EDT
Pickaway,Ohio,7581,21,50,0,0.7%,89,29,39.64185995,-83.02433171,2021-02-02 20:02 EDT
Muskingum,Ohio,7504,58,42,0,0.6%,417,64,39.96539185,-81.94438690000001,2021-02-02 20:02 EDT
Wayne,Ohio,7397,27,175,2,2.4%,989,57,40.82883124,-81.88802208,2021-02-02 20:02 EDT
Erie,Ohio,6468,20,134,2,2.1%,2249,15,41.36363327,-82.61924446,2021-02-02 20:02 EDT
Ross,Ohio,5739,8,104,0,1.8%,3679,50,39.33762975,-83.05699969,2021-02-02 20:02 EDT
Hancock,Ohio,5678,18,94,1,1.7%,1289,16,41.00198273,-83.66654457,2021-02-02 20:02 EDT
Scioto,Ohio,5578,16,68,0,1.2%,3179,25,38.80431807,-82.99280886,2021-02-02 20:02 EDT
Geauga,Ohio,5491,35,56,0,1.0%,4119,2,41.49954507,-81.17858376,2021-02-02 20:02 EDT
Lawrence,Ohio,4854,28,61,0,1.3%,1789,8,38.5989115,-82.53672191,2021-02-02 20:02 EDT
Darke,Ohio,4839,5,96,0,2.0%,3569,6,40.13323815,-84.61936159,2021-02-02 20:02 EDT
Ashtabula,Ohio,4782,60,76,1,1.6%,43729,3,41.70741071,-80.74821492,2021-02-02 20:02 EDT
Union,Ohio,4773,12,31,0,0.6%,1769,82,40.2994141,-83.37163687,2021-02-02 20:02 EDT
Sandusky,Ohio,4511,14,64,0,1.4%,177,7,41.3562907,-83.14622536,2021-02-02 20:02 EDT
Huron,Ohio,4482,14,76,32,1.7%,3459,27,41.14620646,-82.59834972,2021-02-02 20:02 EDT
Belmont,Ohio,4459,24,50,2,1.1%,4899,20,40.02955,-81.03891,2021-02-02 20:02 EDT
Seneca,Ohio,4455,14,67,1,1.5%,4339,2,41.12385416,-83.12772481,2021-02-02 20:02 EDT
Mercer,Ohio,4435,7,93,1,2.1%,249,0,40.53998441,-84.62935951,2021-02-02 20:02 EDT
Jefferson,Ohio,4352,9,84,4,1.9%,2429,13,40.38499038,-80.7617359,2021-02-02 20:02 EDT
Auglaize,Ohio,4343,8,66,0,1.5%,434,2,40.5609019,-84.22174006,2021-02-02 20:02 EDT
Shelby,Ohio,4288,10,24,0,0.6%,3729,9,40.331579100000006,-84.20479591,2021-02-02 20:02 EDT
Washington,Ohio,4117,6,51,0,1.2%,2459,54,39.45556814,-81.49549442,2021-02-02 20:02 EDT
Athens,Ohio,4089,29,9,0,0.2%,4226,278,39.33367694,-82.04528713,2021-02-02 20:02 EDT
Putnam,Ohio,3865,7,76,0,2.0%,369,3,41.02207499,-84.13171932,2021-02-02 20:02 EDT
Knox,Ohio,3745,29,23,0,0.6%,129,61,40.39871647,-82.42155219,2021-02-02 20:02 EDT
Madison,Ohio,3701,13,30,0,0.8%,3829,2,39.89409076,-83.40016714,2021-02-02 20:02 EDT
Ashland,Ohio,3592,13,38,0,1.1%,259,6,40.84598539,-82.27068220000002,2021-02-02 20:02 EDT
Fulton,Ohio,3525,12,45,0,1.3%,1829,8,41.60180125,-84.13007158,2021-02-02 20:02 EDT
Defiance,Ohio,3478,12,88,0,2.5%,149,17,41.32391395,-84.49049983,2021-02-02 20:02 EDT
Crawford,Ohio,3383,11,85,0,2.5%,4189,11,40.85077096,-82.91976902,2021-02-02 20:02 EDT
Brown,Ohio,3377,21,25,3,0.7%,559,89,38.93466335,-83.86736690000002,2021-02-02 20:02 EDT
Preble,Ohio,3320,7,37,0,1.1%,1439,4,39.74154015,-84.64796429,2021-02-02 20:02 EDT
Logan,Ohio,3279,17,37,0,1.1%,2849,31,40.38848354,-83.76580216,2021-02-02 20:02 EDT
Clinton,Ohio,3095,22,46,0,1.5%,42289,56,39.41497156,-83.80848314,2021-02-02 20:02 EDT
Ottawa,Ohio,3053,5,47,1,1.5%,4159,9,41.53771439,-83.1460634,2021-02-02 20:02 EDT
Highland,Ohio,2984,37,22,0,0.7%,9,62,39.18470278,-83.60097509,2021-02-02 20:02 EDT
Williams,Ohio,2883,7,73,1,2.5%,3519,1,41.56027904,-84.58812469,2021-02-02 20:02 EDT
Jackson,Ohio,2731,10,47,2,1.7%,149,0,39.01966171,-82.61846109,2021-02-02 20:02 EDT
Guernsey,Ohio,2678,10,27,0,1.0%,3939,5,40.05203709,-81.49421008,2021-02-02 20:02 EDT
Champaign,Ohio,2641,14,28,0,1.1%,699,5,40.13762049,-83.76951052,2021-02-02 20:02 EDT
Fayette,Ohio,2478,8,30,0,1.2%,3989,8,39.55984513,-83.45609759,2021-02-02 20:02 EDT
Perry,Ohio,2462,19,18,0,0.7%,1239,7,39.73706969,-82.23612251,2021-02-02 20:02 EDT
Morrow,Ohio,2424,15,4,0,0.2%,3639,5,40.52405816,-82.79397982,2021-02-02 20:02 EDT
Holmes,Ohio,2325,5,76,0,3.3%,2329,3,40.56119155,-81.92933959,2021-02-02 20:02 EDT
Henry,Ohio,2303,5,56,2,2.4%,2139,4,41.3338951,-84.06823006,2021-02-02 20:02 EDT
Hardin,Ohio,2280,8,33,0,1.4%,4389,10,40.66152068,-83.65944040000002,2021-02-02 20:02 EDT
Coshocton,Ohio,2168,12,24,1,1.1%,4489,8,40.301617799999995,-81.92001377,2021-02-02 20:02 EDT
Van Wert,Ohio,2103,4,46,0,2.2%,4359,9,40.86963,-84.58003000000002,2021-02-02 20:02 EDT
Gallia,Ohio,2064,13,31,0,1.5%,2139,3,38.82495915,-82.31741640000001,2021-02-02 20:02 EDT
Wyandot,Ohio,2020,7,51,0,2.5%,3049,9,40.84232405,-83.30440042,2021-02-02 20:02 EDT
Adams,Ohio,1971,18,15,0,0.8%,43959,73,38.84585817,-83.47208771,2021-02-02 20:02 EDT
Pike,Ohio,1926,9,19,1,1.0%,1339,17,39.07738685,-83.0669746,2021-02-02 20:02 EDT
Hocking,Ohio,1808,11,27,0,1.5%,209,8,39.49694656,-82.47914929,2021-02-02 20:02 EDT
Carroll,Ohio,1661,12,18,0,1.1%,41459,9,40.57958927,-81.08975237,2021-02-02 20:02 EDT
Paulding,Ohio,1509,7,21,0,1.4%,4227,4,41.11660033,-84.58020083,2021-02-02 20:02 EDT
Noble,Ohio,1233,2,41,0,3.3%,9,3,39.76590136,-81.45553803,2021-02-02 20:02 EDT
Meigs,Ohio,1197,12,25,0,2.1%,4774,4,39.08259271,-82.02369512,2021-02-02 20:02 EDT
Monroe,Ohio,1080,6,35,0,3.2%,2589,6,39.72744286,-81.08341596,2021-02-02 20:02 EDT
Harrison,Ohio,922,8,22,1,2.4%,3249,3,40.29381406,-81.09109454,2021-02-02 20:02 EDT
Morgan,Ohio,906,8,31,0,3.4%,42719,1,39.62028353,-81.85268895,2021-02-02 20:02 EDT
Vinton,Ohio,734,0,14,0,1.9%,5859,7,39.25092262,-82.4852864,2021-02-02 20:02 EDT
Van,Ohio,1,0,0,0,0.0%,0,0,38.83336418380274,-82.30020683984053,2021-02-02 20:02 EDT
Philadelphia,Pennsylvania,110793,521,2920,11,2.6%,899,930,39.952220000000004,-75.16218,2021-02-02 20:02 EDT
Allegheny,Pennsylvania,69837,300,1536,15,2.2%,1819,126,40.45082,-80.01615,2021-02-02 20:02 EDT
Montgomery,Pennsylvania,49117,285,1394,5,2.8%,4267,704,40.21089424,-75.36736378,2021-02-02 20:02 EDT
Bucks,Pennsylvania,40522,173,1038,1,2.6%,41819,79,40.33694044,-75.10679406,2021-02-02 20:02 EDT
Lancaster,Pennsylvania,38895,235,926,3,2.4%,44399,612,40.04236245,-76.24767325,2021-02-02 20:02 EDT
Delaware,Pennsylvania,37617,174,1138,2,3.0%,1119,365,39.9167251,-75.39898556,2021-02-02 20:02 EDT
Berks,Pennsylvania,32843,130,811,7,2.5%,47919,425,40.41633729,-75.92604542,2021-02-02 20:02 EDT
York,Pennsylvania,32464,201,643,8,2.0%,44669,101,39.91993202,-76.72645287,2021-02-02 20:02 EDT
Lehigh,Pennsylvania,28357,117,690,1,2.4%,719,252,40.61265671,-75.59232058,2021-02-02 20:02 EDT
Chester,Pennsylvania,27695,176,663,3,2.4%,484,315,39.97320372,-75.74845154,2021-02-02 20:02 EDT
Westmoreland,Pennsylvania,24883,117,610,4,2.5%,1559,56,40.3107724,-79.46697992,2021-02-02 20:02 EDT
Northampton,Pennsylvania,23716,131,573,2,2.4%,4869,439,40.6836,-75.49108000000003,2021-02-02 20:02 EDT
Luzerne,Pennsylvania,23026,75,638,3,2.8%,42899,209,41.28669,-75.90272,2021-02-02 20:02 EDT
Dauphin,Pennsylvania,18714,100,445,1,2.4%,4639,257,40.41542052,-76.77947007,2021-02-02 20:02 EDT
Erie,Pennsylvania,15684,68,346,5,2.2%,41299,99,41.99166483,-80.03220618,2021-02-02 20:02 EDT
Cumberland,Pennsylvania,14646,105,441,2,3.0%,415019,318,40.16367663,-77.26538073,2021-02-02 20:02 EDT
Butler,Pennsylvania,12852,79,330,2,2.6%,1699,53,40.9117606,-79.91298216,2021-02-02 20:02 EDT
Washington,Pennsylvania,12682,86,228,2,1.8%,1459,19,40.16752,-80.24648,2021-02-02 20:02 EDT
Lackawanna,Pennsylvania,12497,64,360,5,2.9%,1629,26,41.43685633,-75.60917996,2021-02-02 20:02 EDT
Lebanon,Pennsylvania,11861,56,225,2,1.9%,167,49,40.36719795,-76.45774633,2021-02-02 20:02 EDT
Franklin,Pennsylvania,11583,81,301,1,2.6%,2399,38,39.92749584,-77.72116187,2021-02-02 20:02 EDT
Centre,Pennsylvania,11430,95,193,0,1.7%,46739,6,40.91930797,-77.81979795,2021-02-02 20:02 EDT
Schuylkill,Pennsylvania,11280,40,339,3,3.0%,2029,8,40.70583872,-76.21585941,2021-02-02 20:02 EDT
Beaver,Pennsylvania,11057,38,323,0,2.9%,4129,84,40.6964,-80.30196,2021-02-02 20:02 EDT
Cambria,Pennsylvania,10866,58,366,2,3.4%,2529,79,40.495210799999995,-78.71369655,2021-02-02 20:02 EDT
Blair,Pennsylvania,10014,47,257,1,2.6%,1719,72,40.48107202,-78.34857772,2021-02-02 20:02 EDT
Fayette,Pennsylvania,9736,35,236,6,2.4%,299,60,39.91983416,-79.64739415,2021-02-02 20:02 EDT
Monroe,Pennsylvania,8683,44,245,0,2.8%,39,25,41.05811592,-75.33939791,2021-02-02 20:02 EDT
Lycoming,Pennsylvania,8160,44,210,2,2.6%,1789,14,41.34330812,-77.06442924,2021-02-02 20:02 EDT
Mercer,Pennsylvania,7536,32,225,2,3.0%,209,12,41.30219945,-80.25773341,2021-02-02 20:02 EDT
Northumberland,Pennsylvania,6895,29,296,2,4.3%,484,49,40.85198455,-76.70926672,2021-02-02 20:02 EDT
Adams,Pennsylvania,6603,25,142,0,2.2%,2459,80,39.87150704,-77.21794552,2021-02-02 20:02 EDT
Somerset,Pennsylvania,6365,26,179,3,2.8%,4069,77,39.97234258,-79.02836143,2021-02-02 20:02 EDT
Crawford,Pennsylvania,5970,17,130,1,2.2%,4969,83,41.68469402,-80.10624720000001,2021-02-02 20:02 EDT
Clearfield,Pennsylvania,5675,48,102,2,1.8%,42339,80,41.00014639,-78.47420594,2021-02-02 20:02 EDT
Lawrence,Pennsylvania,5508,18,170,3,3.1%,2419,64,40.99121309,-80.33405614,2021-02-02 20:02 EDT
Indiana,Pennsylvania,4797,19,151,1,3.1%,2269,6,40.65206149,-79.08750616,2021-02-02 20:02 EDT
Armstrong,Pennsylvania,4626,12,113,1,2.4%,447,5,40.81243533,-79.46447205,2021-02-02 20:02 EDT
Carbon,Pennsylvania,4440,37,127,3,2.9%,549,44,40.91819602,-75.7088375,2021-02-02 20:02 EDT
Mifflin,Pennsylvania,4328,10,155,1,3.6%,42429,59,40.61036512,-77.61705411,2021-02-02 20:02 EDT
Columbia,Pennsylvania,4194,19,117,1,2.8%,41899,20,41.04858445,-76.4051914,2021-02-02 20:02 EDT
Union,Pennsylvania,4080,9,74,0,1.8%,2739,65,40.963010499999996,-77.06202008,2021-02-02 20:02 EDT
Bradford,Pennsylvania,3981,43,71,2,1.8%,1649,58,41.78862196,-76.51555245,2021-02-02 20:02 EDT
Huntingdon,Pennsylvania,3896,10,115,0,3.0%,42589,51,40.41694435,-77.9812483,2021-02-02 20:02 EDT
Bedford,Pennsylvania,3651,12,122,1,3.3%,41339,19,40.00650776,-78.49029144,2021-02-02 20:02 EDT
Venango,Pennsylvania,3124,19,76,1,2.4%,42219,5,41.40095892,-79.75790242,2021-02-02 20:02 EDT
McKean,Pennsylvania,2782,36,58,0,2.1%,439,70,41.80771992,-78.56810323,2021-02-02 20:02 EDT
Wayne,Pennsylvania,2740,26,48,1,1.8%,44599,62,41.64878798,-75.30324861,2021-02-02 20:02 EDT
Perry,Pennsylvania,2589,14,74,0,2.9%,413279,42,40.3984025,-77.26229203,2021-02-02 20:02 EDT
Snyder,Pennsylvania,2585,14,69,0,2.7%,4415,33,40.76985043,-77.07028642,2021-02-02 20:02 EDT
Jefferson,Pennsylvania,2555,16,75,0,2.9%,1599,11,41.12819557,-78.99951779999998,2021-02-02 20:02 EDT
Clinton,Pennsylvania,2516,10,52,0,2.1%,4299,1,41.23409456,-77.63813876,2021-02-02 20:02 EDT
Clarion,Pennsylvania,2511,20,74,0,2.9%,43249,0,41.19247374,-79.42103296,2021-02-02 20:02 EDT
Greene,Pennsylvania,2434,14,30,0,1.2%,829,1,39.85378534,-80.22290363,2021-02-02 20:02 EDT
Tioga,Pennsylvania,2281,8,90,0,3.9%,167,5,41.77204208,-77.25426804,2021-02-02 20:02 EDT
Pike,Pennsylvania,2174,28,44,0,2.0%,4569,32,41.33202501,-75.03382353,2021-02-02 20:02 EDT
Elk,Pennsylvania,2159,14,33,0,1.5%,4959,2,41.42520774,-78.64909084,2021-02-02 20:02 EDT
Warren,Pennsylvania,2035,8,92,0,4.5%,1269,6,41.81446566,-79.27460559,2021-02-02 20:02 EDT
Juniata,Pennsylvania,1709,10,77,0,4.5%,1699,9,40.53110803,-77.40205412,2021-02-02 20:02 EDT
Montour,Pennsylvania,1627,0,52,0,3.2%,4272,3,41.02789913,-76.65856740000002,2021-02-02 20:02 EDT
Susquehanna,Pennsylvania,1528,4,49,0,3.2%,3939,8,41.82132145,-75.80078338,2021-02-02 20:02 EDT
Forest,Pennsylvania,1336,4,17,0,1.3%,839,8,41.51310695,-79.23602389,2021-02-02 20:02 EDT
Wyoming,Pennsylvania,1064,5,37,0,3.5%,659,3,41.51836484,-76.01654369,2021-02-02 20:02 EDT
Fulton,Pennsylvania,1051,8,13,0,1.2%,4799,8,39.92540582,-78.11249013,2021-02-02 20:02 EDT
Potter,Pennsylvania,835,5,20,1,2.4%,949,9,41.74490716,-77.89577995,2021-02-02 20:02 EDT
Sullivan,Pennsylvania,284,2,11,0,3.9%,2579,6,41.44607594,-76.51203876,2021-02-02 20:02 EDT
Cameron,Pennsylvania,244,1,7,0,2.9%,259,2,41.43674775,-78.20381118,2021-02-02 20:02 EDT
Maricopa,Arizona,478097,2836,7612,150,1.6%,3529,542,33.348824699999994,-112.49127879999999,2021-02-02 20:02 EDT
Pima,Arizona,102320,359,1795,55,1.8%,3199,286,32.09727123,-111.78976709999999,2021-02-02 20:02 EDT
Pinal,Arizona,42930,474,627,14,1.5%,2959,397,32.90431973,-111.34476470000001,2021-02-02 20:02 EDT
Yuma,Arizona,35271,87,715,18,2.0%,3369,28,32.76895652,-113.9058303,2021-02-02 20:02 EDT
Mohave,Arizona,19717,76,533,12,2.7%,279,189,35.70255053,-113.753524,2021-02-02 20:02 EDT
Yavapai,Arizona,16677,39,393,12,2.4%,4129,3,34.59984646,-112.5538213,2021-02-02 20:02 EDT
Coconino,Arizona,15313,39,280,4,1.8%,409,19,35.83777098,-111.77082620000002,2021-02-02 20:02 EDT
Navajo,Arizona,14597,32,437,8,3.0%,1669,77,35.39955057,-110.3213878,2021-02-02 20:02 EDT
Cochise,Arizona,10484,15,233,6,2.2%,5769,36,31.87951895,-109.7511956,2021-02-02 20:02 EDT
Apache,Arizona,9643,5,314,3,3.3%,377,60,35.39562549,-109.4888227,2021-02-02 20:02 EDT
Santa Cruz,Arizona,7450,11,151,2,2.0%,6229,5,31.971390000000003,-112.34313999999999,2021-02-02 20:02 EDT
Gila,Arizona,6036,5,191,2,3.2%,4369,12,33.799665399999995,-110.81165870000001,2021-02-02 20:02 EDT
Graham,Arizona,5128,2,66,1,1.3%,2919,95,32.87449,-109.74198,2021-02-02 20:02 EDT
La Paz,Arizona,2256,6,62,2,2.7%,4559,3,33.72919535,-113.9812314,2021-02-02 20:02 EDT
Greenlee,Arizona,526,1,6,0,1.1%,509,3,33.21552654,-109.24032109999999,2021-02-02 20:02 EDT
Mecklenburg,North Carolina,87233,373,766,6,0.9%,2489,76,35.24147789,-80.83080552,2021-02-02 20:02 EDT
Wake,North Carolina,65716,152,428,0,0.7%,1159,786,35.79010846,-78.65039764,2021-02-02 20:02 EDT
Guilford,North Carolina,35355,149,415,1,1.2%,1879,777,36.07946818,-79.78897008,2021-02-02 20:02 EDT
Forsyth,North Carolina,28001,88,281,1,1.0%,2629,182,36.13053703,-80.25630221,2021-02-02 20:02 EDT
Gaston,North Carolina,21577,71,326,1,1.5%,2399,27,35.29417636,-81.18015484,2021-02-02 20:02 EDT
Cumberland,North Carolina,20555,148,207,0,1.0%,559,365,35.04862488,-78.82739225,2021-02-02 20:02 EDT
Durham,North Carolina,19541,86,178,1,0.9%,429,66,35.99542,-78.89644,2021-02-02 20:02 EDT
Union,North Carolina,18422,77,157,5,0.9%,3389,19,34.98832565,-80.53074453,2021-02-02 20:02 EDT
Cabarrus,North Carolina,16120,57,197,3,1.2%,3319,78,35.2372,-80.5423,2021-02-02 20:02 EDT
Catawba,North Carolina,15824,92,240,0,1.5%,2019,98,35.66399447,-81.2195283,2021-02-02 20:02 EDT
Johnston,North Carolina,15563,54,156,2,1.0%,1379,19,35.51765595,-78.36573857,2021-02-02 20:02 EDT
Pitt,North Carolina,15480,30,71,0,0.5%,1619,58,35.59351086,-77.37466837,2021-02-02 20:02 EDT
Iredell,North Carolina,14309,72,159,2,1.1%,3319,1,35.8311,-80.8987,2021-02-02 20:02 EDT
Alamance,North Carolina,13893,41,172,0,1.2%,1759,13,36.04397207,-79.39945153,2021-02-02 20:02 EDT
New Hanover,North Carolina,13869,85,130,0,0.9%,4089,77,34.23292157,-77.88477524,2021-02-02 20:02 EDT
Buncombe,North Carolina,13469,67,253,0,1.9%,1989,36,35.61113256,-82.53009394,2021-02-02 20:02 EDT
Robeson,North Carolina,13463,39,181,1,1.3%,3339,36,34.64008531,-79.10347379,2021-02-02 20:02 EDT
Onslow,North Carolina,13152,30,115,1,0.9%,41219,7,34.73346891,-77.42966411,2021-02-02 20:02 EDT
Rowan,North Carolina,13140,60,247,1,1.9%,929,64,35.63958872,-80.5247094,2021-02-02 20:02 EDT
Davidson,North Carolina,13109,51,129,0,1.0%,2359,79,35.79317658,-80.21270474,2021-02-02 20:02 EDT
Randolph,North Carolina,11584,76,181,2,1.6%,89,19,35.71031397,-79.80611821,2021-02-02 20:02 EDT
Cleveland,North Carolina,9411,25,192,3,2.0%,3399,23,35.33417285,-81.55568143,2021-02-02 20:02 EDT
Wayne,North Carolina,9319,9,187,1,2.0%,472,17,35.36376229,-78.0041603,2021-02-02 20:02 EDT
Burke,North Carolina,8551,19,112,6,1.3%,4759,20,35.74950709,-81.70450603,2021-02-02 20:02 EDT
Harnett,North Carolina,8337,26,117,0,1.4%,2079,2,35.34117,-78.78837,2021-02-02 20:02 EDT
Nash,North Carolina,8240,83,141,3,1.7%,41229,42,35.96715823,-77.98645077,2021-02-02 20:02 EDT
Lincoln,North Carolina,7968,29,50,0,0.6%,1099,18,35.48576876,-81.23065125,2021-02-02 20:02 EDT
Caldwell,North Carolina,7918,26,44,4,0.6%,2959,53,35.95296194,-81.54654875,2021-02-02 20:02 EDT
Henderson,North Carolina,7758,28,127,0,1.6%,4419,11,35.33617169,-82.4799515,2021-02-02 20:02 EDT
Wilson,North Carolina,7438,22,133,0,1.8%,2349,55,35.721959999999996,-77.91637,2021-02-02 20:02 EDT
Craven,North Carolina,7256,41,107,1,1.5%,1299,77,35.11728658,-77.08247035,2021-02-02 20:02 EDT
Moore,North Carolina,7117,33,130,0,1.8%,3219,47,35.3106825,-79.48131025,2021-02-02 20:02 EDT
Orange,North Carolina,6848,25,82,0,1.2%,42639,8,36.06139661,-79.12059608,2021-02-02 20:02 EDT
Brunswick,North Carolina,6669,46,102,0,1.5%,1429,24,34.07059384,-78.23749682,2021-02-02 20:02 EDT
Surry,North Carolina,6382,23,111,0,1.7%,2629,85,36.4147231,-80.68749152,2021-02-02 20:02 EDT
Rockingham,North Carolina,6288,10,43,0,0.7%,2449,35,36.39604336,-79.77511119,2021-02-02 20:02 EDT
Rutherford,North Carolina,6273,11,174,1,2.8%,227,31,35.40230072,-81.92012002,2021-02-02 20:02 EDT
Sampson,North Carolina,6154,6,80,0,1.3%,472,94,34.99160724,-78.37157696,2021-02-02 20:02 EDT
Stanly,North Carolina,6055,31,96,3,1.6%,2899,43,35.31191451,-80.25087478,2021-02-02 20:02 EDT
Wilkes,North Carolina,5419,20,91,0,1.7%,49,71,36.20626723,-81.16287284,2021-02-02 20:02 EDT
Duplin,North Carolina,5292,8,115,0,2.2%,1189,72,34.93637174,-77.93314045,2021-02-02 20:02 EDT
Columbus,North Carolina,5214,27,115,0,2.2%,779,11,34.26551407,-78.65511624,2021-02-02 20:02 EDT
Lee,North Carolina,4869,10,57,1,1.2%,2999,90,35.47505992,-79.17154054,2021-02-02 20:02 EDT
Granville,North Carolina,4735,26,73,0,1.5%,1139,72,36.30373383,-78.65304127,2021-02-02 20:02 EDT
Franklin,North Carolina,4665,13,41,0,0.9%,3319,27,36.08274482,-78.2856003,2021-02-02 20:02 EDT
Lenoir,North Carolina,4656,26,91,0,2.0%,1549,19,35.23895635,-77.64127623,2021-02-02 20:02 EDT
McDowell,North Carolina,4368,15,50,0,1.1%,2139,70,35.68139468,-82.04865496,2021-02-02 20:02 EDT
Halifax,North Carolina,4352,11,81,0,1.9%,4159,74,36.25763605,-77.65196925,2021-02-02 20:02 EDT
Pender,North Carolina,4141,17,48,1,1.2%,6469,46,34.52521673,-77.90718231,2021-02-02 20:02 EDT
Edgecombe,North Carolina,4020,10,91,1,2.3%,42029,49,35.91296334,-77.59707118,2021-02-02 20:02 EDT
Beaufort,North Carolina,3813,11,71,0,1.9%,3929,38,35.48588995,-76.84436853,2021-02-02 20:02 EDT
Carteret,North Carolina,3795,15,19,0,0.5%,889,66,34.83797335,-76.66536332,2021-02-02 20:02 EDT
Chatham,North Carolina,3751,7,70,0,1.9%,417,76,35.70262985,-79.25541576,2021-02-02 20:02 EDT
Vance,North Carolina,3722,10,75,0,2.0%,739,77,36.35690159,-78.41112909,2021-02-02 20:02 EDT
Hoke,North Carolina,3703,11,47,0,1.3%,1699,57,35.01729402,-79.23716267,2021-02-02 20:02 EDT
Richmond,North Carolina,3692,10,74,3,2.0%,229,70,35.00602816,-79.74788321,2021-02-02 20:02 EDT
Alexander,North Carolina,3522,8,59,0,1.7%,42169,24,35.92106539,-81.17702249,2021-02-02 20:02 EDT
Haywood,North Carolina,3392,31,2,0,0.1%,3229,81,35.55603932,-82.98225869,2021-02-02 20:02 EDT
Watauga,North Carolina,3366,16,24,0,0.7%,417,17,36.23101355,-81.69645582,2021-02-02 20:02 EDT
Yadkin,North Carolina,3329,7,40,1,1.2%,177,44,36.16049743,-80.66527243,2021-02-02 20:02 EDT
Stokes,North Carolina,3188,15,56,0,1.8%,41319,24,36.40189493,-80.23949909999997,2021-02-02 20:02 EDT
Scotland,North Carolina,3184,12,65,0,2.0%,3289,2,34.84094693,-79.4806203,2021-02-02 20:02 EDT
Davie,North Carolina,3049,16,20,0,0.7%,249,65,35.92904836,-80.54461664,2021-02-02 20:02 EDT
Jackson,North Carolina,3028,11,27,3,0.9%,3699,1,35.28737848,-83.14085851,2021-02-02 20:02 EDT
Montgomery,North Carolina,2755,13,69,1,2.5%,3929,7,35.33230032,-79.90542662,2021-02-02 20:02 EDT
Pasquotank,North Carolina,2714,6,74,0,2.7%,2799,32,36.28883221,-76.2723684,2021-02-02 20:02 EDT
Bladen,North Carolina,2645,12,34,0,1.3%,79,50,34.61434536,-78.56323493,2021-02-02 20:02 EDT
Person,North Carolina,2506,3,50,0,2.0%,4189,7,36.39020597,-78.97165565,2021-02-02 20:02 EDT
Macon,North Carolina,2285,17,12,0,0.5%,41219,39,35.15044048,-83.42186109,2021-02-02 20:02 EDT
Anson,North Carolina,2056,10,44,2,2.1%,2659,0,34.97381164,-80.10271204,2021-02-02 20:02 EDT
Greene,North Carolina,1972,6,35,0,1.8%,2599,3,35.48516059,-77.67554057,2021-02-02 20:02 EDT
Cherokee,North Carolina,1886,4,17,0,0.9%,669,9,35.1338599,-84.06345704,2021-02-02 20:02 EDT
Martin,North Carolina,1880,5,30,1,1.6%,2939,5,35.84159924,-77.10699661,2021-02-02 20:02 EDT
Hertford,North Carolina,1806,2,55,0,3.0%,2659,1,36.35858952,-76.98072516,2021-02-02 20:02 EDT
Caswell,North Carolina,1760,5,15,0,0.9%,2079,6,36.39341302,-79.33362855,2021-02-02 20:02 EDT
Dare,North Carolina,1701,3,6,0,0.4%,3239,6,35.78068417,-75.81994777,2021-02-02 20:02 EDT
Ashe,North Carolina,1692,4,34,0,2.0%,3299,7,36.43415241,-81.50033609,2021-02-02 20:02 EDT
Avery,North Carolina,1686,2,16,0,0.9%,2449,4,36.07656844,-81.92258163,2021-02-02 20:02 EDT
Transylvania,North Carolina,1639,5,17,2,1.0%,4189,31,35.20219803,-82.79833575,2021-02-02 20:02 EDT
Bertie,North Carolina,1537,2,35,0,2.3%,217,7,36.06750978,-76.97381805,2021-02-02 20:02 EDT
Northampton,North Carolina,1522,1,27,0,1.8%,339,3,36.41773634,-77.39659009,2021-02-02 20:02 EDT
Warren,North Carolina,1426,3,14,1,1.0%,4296,0,36.39603323,-78.10623241,2021-02-02 20:02 EDT
Yancey,North Carolina,1338,3,22,0,1.6%,4767,6,35.89895033,-82.30765394,2021-02-02 20:02 EDT
Chowan,North Carolina,1230,8,1,0,0.1%,3669,1,36.151895399999994,-76.61561742,2021-02-02 20:02 EDT
Madison,North Carolina,1224,3,30,0,2.5%,3299,7,35.85812252,-82.70568917,2021-02-02 20:02 EDT
Polk,North Carolina,1191,1,19,0,1.6%,2089,7,35.27929957,-82.16969342,2021-02-02 20:02 EDT
Mitchell,North Carolina,1162,13,13,0,1.1%,413929,22,36.01322984,-82.1635734,2021-02-02 20:02 EDT
Currituck,North Carolina,1124,2,14,0,1.2%,2169,0,36.40207266,-76.00980600000003,2021-02-02 20:02 EDT
Swain,North Carolina,1073,5,15,0,1.4%,389,4,35.48667614,-83.49257274,2021-02-02 20:02 EDT
Alleghany,North Carolina,834,4,4,0,0.5%,3859,4,36.49145220000001,-81.1273,2021-02-02 20:02 EDT
Washington,North Carolina,800,1,23,1,2.9%,42629,7,35.82193961,-76.57663231,2021-02-02 20:02 EDT
Pamlico,North Carolina,775,7,7,0,0.9%,167,0,35.13308082,-76.74056153,2021-02-02 20:02 EDT
Perquimans,North Carolina,775,2,5,0,0.6%,4489,4,36.20124036,-76.43387747,2021-02-02 20:02 EDT
Clay,North Carolina,602,5,6,0,1.0%,4429,4,35.05745029,-83.75012338,2021-02-02 20:02 EDT
Jones,North Carolina,592,0,16,0,2.7%,4147,9,35.02160816,-77.35540979,2021-02-02 20:02 EDT
Hyde,North Carolina,589,1,6,0,1.0%,9,5,35.536765,-76.26124447,2021-02-02 20:02 EDT
Gates,North Carolina,552,2,12,0,2.2%,4167,2,36.44488296,-76.70058087,2021-02-02 20:02 EDT
Graham,North Carolina,532,2,12,0,2.3%,43339,6,35.35013146,-83.83360678,2021-02-02 20:02 EDT
Camden,North Carolina,470,0,5,0,1.1%,4459,9,36.37427407,-76.19208057,2021-02-02 20:02 EDT
Tyrrell,North Carolina,264,0,6,0,2.3%,5179,4,35.81799619,-76.19393968,2021-02-02 20:02 EDT
Henderon,North Carolina,1,0,0,0,0.0%,0,0,35.33617172,-82.47995152,2021-02-02 20:02 EDT
Shelby,Tennessee,81360,222,1278,7,1.6%,1319,145,35.1269,-89.9253,2021-02-02 20:02 EDT
Davidson,Tennessee,75210,138,752,10,1.0%,1929,815,36.16956079999999,-86.78475676,2021-02-02 20:02 EDT
Knox,Tennessee,41732,188,505,7,1.2%,1619,253,35.9956069,-83.93465204,2021-02-02 20:02 EDT
Hamilton,Tennessee,37296,174,376,10,1.0%,919,182,35.17932044,-85.16684143,2021-02-02 20:02 EDT
Rutherford,Tennessee,35299,111,323,6,0.9%,1059,45,35.84274327,-86.41675248,2021-02-02 20:02 EDT
Williamson,Tennessee,23162,92,175,3,0.8%,589,3,35.89382673,-86.89863959,2021-02-02 20:02 EDT
Sumner,Tennessee,19414,75,265,4,1.4%,819,23,36.46946208,-86.46033197,2021-02-02 20:02 EDT
Out-of-state,Tennessee,16731,66,94,1,0.6%,6829,94,36.44978362,-82.99437040000002,2021-02-02 20:02 EDT
Montgomery,Tennessee,15868,51,166,1,1.0%,2449,86,36.49705854,-87.38288983,2021-02-02 20:02 EDT
Wilson,Tennessee,15314,48,185,3,1.2%,428,7,36.15494367,-86.29769083,2021-02-02 20:02 EDT
Sullivan,Tennessee,13363,64,244,1,1.8%,1879,27,36.51280182,-82.30449503,2021-02-02 20:02 EDT
Blount,Tennessee,12701,33,146,2,1.1%,377,58,35.6866439,-83.92377764,2021-02-02 20:02 EDT
Washington,Tennessee,12456,19,220,1,1.8%,2339,20,36.29303645,-82.49751268,2021-02-02 20:02 EDT
Maury,Tennessee,11695,42,145,3,1.2%,417,49,35.61698248,-87.07703046,2021-02-02 20:02 EDT
Bradley,Tennessee,11655,53,120,5,1.0%,3369,26,35.15406521,-84.85956561,2021-02-02 20:02 EDT
Sevier,Tennessee,11170,33,136,2,1.2%,3099,60,35.78406841,-83.52422241,2021-02-02 20:02 EDT
Putnam,Tennessee,10435,28,159,1,1.5%,1619,13,36.1408146,-85.49518522,2021-02-02 20:02 EDT
Madison,Tennessee,9630,18,199,2,2.1%,4859,43,35.60809039999999,-88.83843914,2021-02-02 20:02 EDT
Robertson,Tennessee,8171,28,94,0,1.2%,2349,19,36.52542953,-86.87055295,2021-02-02 20:02 EDT
Hamblen,Tennessee,7458,18,144,0,1.9%,3589,72,36.21723458,-83.26677527,2021-02-02 20:02 EDT
Anderson,Tennessee,7264,16,134,5,1.8%,119,10,36.11849695,-84.19850917,2021-02-02 20:02 EDT
Greene,Tennessee,6917,24,129,2,1.9%,2749,27,36.17534201,-82.84593662,2021-02-02 20:02 EDT
Tipton,Tennessee,6571,13,85,1,1.3%,1159,62,35.49792769,-89.75050290000001,2021-02-02 20:02 EDT
Coffee,Tennessee,5930,18,100,1,1.7%,149,40,35.49058007,-86.07481057,2021-02-02 20:02 EDT
Gibson,Tennessee,5909,12,126,3,2.1%,4919,32,35.99651573,-88.93263833,2021-02-02 20:02 EDT
Dickson,Tennessee,5784,11,90,3,1.6%,819,82,36.14906098,-87.35659705,2021-02-02 20:02 EDT
Cumberland,Tennessee,5668,5,91,4,1.6%,3429,8,35.95038175,-84.99834053,2021-02-02 20:02 EDT
Bedford,Tennessee,5576,20,103,2,1.8%,347,8,35.5138047,-86.45892365,2021-02-02 20:02 EDT
Roane,Tennessee,5484,6,94,1,1.7%,2539,9,35.85186051,-84.51704694,2021-02-02 20:02 EDT
McMinn,Tennessee,5423,24,79,0,1.5%,779,55,35.42478769,-84.61744735,2021-02-02 20:02 EDT
Lawrence,Tennessee,5377,4,74,0,1.4%,1749,19,35.21730632,-87.3956061,2021-02-02 20:02 EDT
Carter,Tennessee,5339,20,133,1,2.5%,359,10,36.29275667,-82.1273912,2021-02-02 20:02 EDT
Loudon,Tennessee,5301,23,61,3,1.2%,4137,74,35.73515836,-84.31570524,2021-02-02 20:02 EDT
Warren,Tennessee,5209,0,63,0,1.2%,1989,3,35.67873217,-85.77854518,2021-02-02 20:02 EDT
Jefferson,Tennessee,5156,15,89,3,1.7%,1299,62,36.05717538,-83.45179448,2021-02-02 20:02 EDT
Dyer,Tennessee,4992,11,90,3,1.8%,539,7,36.05918875,-89.40870015,2021-02-02 20:02 EDT
Monroe,Tennessee,4898,26,69,1,1.4%,42699,70,35.43966933,-84.25483824,2021-02-02 20:02 EDT
Hawkins,Tennessee,4824,27,87,3,1.8%,43999,0,36.44110415,-82.94465083,2021-02-02 20:02 EDT
Franklin,Tennessee,4385,15,71,1,1.6%,2659,8,35.15500579,-86.09277817,2021-02-02 20:02 EDT
Fayette,Tennessee,4272,5,62,2,1.5%,3979,5,35.1969847,-89.41432942,2021-02-02 20:02 EDT
Obion,Tennessee,4146,7,88,1,2.1%,149,0,36.35824077,-89.14865347,2021-02-02 20:02 EDT
Rhea,Tennessee,4005,3,64,0,1.6%,239,7,35.60818818,-84.92974176,2021-02-02 20:02 EDT
Lincoln,Tennessee,3983,8,54,0,1.4%,41269,8,35.14050117,-86.58887925,2021-02-02 20:02 EDT
Cocke,Tennessee,3710,12,75,2,2.0%,3079,4,35.92404938,-83.11962573,2021-02-02 20:02 EDT
Marshall,Tennessee,3692,9,46,0,1.2%,1239,7,35.46882834,-86.76510242,2021-02-02 20:02 EDT
Cheatham,Tennessee,3631,16,34,0,0.9%,929,19,36.26137095,-87.08723567,2021-02-02 20:02 EDT
Weakley,Tennessee,3544,15,52,0,1.5%,41649,1,36.29825431,-88.7175548,2021-02-02 20:02 EDT
Campbell,Tennessee,3486,9,45,1,1.3%,3719,8,36.40345626,-84.14936087,2021-02-02 20:02 EDT
Henderson,Tennessee,3457,4,66,1,1.9%,42049,5,35.65419216,-88.38798884,2021-02-02 20:02 EDT
Giles,Tennessee,3427,2,83,2,2.4%,4499,0,35.20211782,-87.03473867,2021-02-02 20:02 EDT
Carroll,Tennessee,3292,6,75,3,2.3%,46199,2,35.97309812,-88.45021937,2021-02-02 20:02 EDT
White,Tennessee,3235,5,55,3,1.7%,2129,2,35.92633717,-85.45518123,2021-02-02 20:02 EDT
Hardeman,Tennessee,3224,4,60,2,1.9%,959,7,35.20679813,-88.99310931,2021-02-02 20:02 EDT
Hardin,Tennessee,3112,0,56,0,1.8%,579,7,35.19795735,-88.18375248,2021-02-02 20:02 EDT
Lauderdale,Tennessee,3049,6,39,2,1.3%,3179,3,35.76133029,-89.61747254,2021-02-02 20:02 EDT
Macon,Tennessee,3013,7,58,1,1.9%,2869,0,36.53208459,-86.00728676,2021-02-02 20:02 EDT
Henry,Tennessee,2765,8,65,2,2.4%,3419,8,36.32980108,-88.3064833,2021-02-02 20:02 EDT
Wayne,Tennessee,2760,6,26,0,0.9%,3179,6,35.23960379,-87.78772763,2021-02-02 20:02 EDT
Overton,Tennessee,2653,5,49,1,1.8%,217,7,36.34465243,-85.28816806,2021-02-02 20:02 EDT
McNairy,Tennessee,2567,11,45,0,1.8%,2759,6,35.175506299999995,-88.56366696,2021-02-02 20:02 EDT
DeKalb,Tennessee,2541,9,46,0,1.8%,349,6,35.97996955,-85.83269656,2021-02-02 20:02 EDT
Haywood,Tennessee,2527,7,58,0,2.3%,4429,1,35.58312636,-89.28380619,2021-02-02 20:02 EDT
Claiborne,Tennessee,2422,3,45,0,1.9%,3469,4,36.485864299999996,-83.66051193,2021-02-02 20:02 EDT
Marion,Tennessee,2413,5,37,1,1.5%,4499,3,35.12937120000001,-85.62275264,2021-02-02 20:02 EDT
Smith,Tennessee,2396,2,31,1,1.3%,739,8,36.25057443,-85.95669861,2021-02-02 20:02 EDT
Scott,Tennessee,2368,3,36,1,1.5%,42559,9,36.42840686,-84.50344814,2021-02-02 20:02 EDT
Hickman,Tennessee,2352,3,39,1,1.7%,939,9,35.80328449,-87.47331315,2021-02-02 20:02 EDT
Trousdale,Tennessee,2333,2,17,0,0.7%,4959,3,36.39204861,-86.15667916,2021-02-02 20:02 EDT
Grainger,Tennessee,2237,9,43,0,1.9%,369,5,36.2762528,-83.50969470000003,2021-02-02 20:02 EDT
Fentress,Tennessee,2210,1,39,0,1.8%,3759,0,36.38044242,-84.93242769,2021-02-02 20:02 EDT
Johnson,Tennessee,2108,9,36,0,1.7%,43899,0,36.45500721,-81.85167467,2021-02-02 20:02 EDT
Morgan,Tennessee,2031,11,20,2,1.0%,259,7,36.13498957,-84.64920441,2021-02-02 20:02 EDT
Crockett,Tennessee,1864,2,39,0,2.1%,2819,3,35.81339834,-89.13956729,2021-02-02 20:02 EDT
Chester,Tennessee,1860,5,44,1,2.4%,43839,5,35.42174668,-88.61352227,2021-02-02 20:02 EDT
Bledsoe,Tennessee,1840,4,11,0,0.6%,43339,2,35.59638819,-85.20529794,2021-02-02 20:02 EDT
Unicoi,Tennessee,1724,1,47,0,2.7%,1259,1,36.11078056,-82.43228017,2021-02-02 20:02 EDT
Cannon,Tennessee,1664,6,24,0,1.4%,424,2,35.80871367,-86.06163411,2021-02-02 20:02 EDT
Lake,Tennessee,1652,0,23,1,1.4%,41689,7,36.33532581,-89.48476840000002,2021-02-02 20:02 EDT
Polk,Tennessee,1576,11,19,0,1.2%,1849,2,35.11986233,-84.52331013,2021-02-02 20:02 EDT
Union,Tennessee,1514,3,25,0,1.7%,2589,9,36.28790722,-83.83741238,2021-02-02 20:02 EDT
Decatur,Tennessee,1513,0,31,2,2.0%,47699,3,35.60323508,-88.11113726,2021-02-02 20:02 EDT
Grundy,Tennessee,1482,2,24,0,1.6%,1849,0,35.3883856,-85.72270245,2021-02-02 20:02 EDT
Sequatchie,Tennessee,1467,5,22,0,1.5%,3159,7,35.37117276,-85.41071152,2021-02-02 20:02 EDT
Humphreys,Tennessee,1423,6,19,1,1.3%,879,2,36.04079482,-87.76752901,2021-02-02 20:02 EDT
Benton,Tennessee,1375,1,36,1,2.6%,4559,1,36.06605011,-88.07596706,2021-02-02 20:02 EDT
Lewis,Tennessee,1362,9,23,1,1.7%,43619,9,35.52728655,-87.49319934,2021-02-02 20:02 EDT
Meigs,Tennessee,1226,2,18,0,1.5%,4299,8,35.50806989999999,-84.811415,2021-02-02 20:02 EDT
Stewart,Tennessee,1155,2,23,0,2.0%,5749,9,36.49915407,-87.83128869,2021-02-02 20:02 EDT
Jackson,Tennessee,1092,1,25,0,2.3%,1859,92,36.35929864,-85.67328301,2021-02-02 20:02 EDT
Clay,Tennessee,981,2,27,0,2.8%,5869,2,36.54876671,-85.56027469,2021-02-02 20:02 EDT
Perry,Tennessee,981,0,25,0,2.5%,2639,4,35.64233901,-87.85604743,2021-02-02 20:02 EDT
Houston,Tennessee,965,2,26,0,2.7%,9,3,36.28579591,-87.71302794,2021-02-02 20:02 EDT
Moore,Tennessee,855,0,11,0,1.3%,2599,0,35.28454254,-86.35870716,2021-02-02 20:02 EDT
Pickett,Tennessee,708,2,21,0,3.0%,43339,6,36.55855419,-85.06557446,2021-02-02 20:02 EDT
Van Buren,Tennessee,682,0,12,0,1.8%,5389,0,35.1337,-89.05861,2021-02-02 20:02 EDT
Hancock,Tennessee,443,2,8,0,1.8%,199,7,36.52360832,-83.22175257,2021-02-02 20:02 EDT
Marion,Indiana,86857,201,1373,11,1.6%,2679,934,39.78174364,-86.13841490000001,2021-02-02 20:02 EDT
Lake,Indiana,46601,51,708,8,1.5%,2949,17,41.4166063,-87.38217401,2021-02-02 20:02 EDT
Allen,Indiana,33869,93,568,2,1.7%,1839,66,41.09086141,-85.06653711,2021-02-02 20:02 EDT
Hamilton,Indiana,30481,93,323,0,1.1%,3179,29,40.07251369,-86.05201795,2021-02-02 20:02 EDT
St. Joseph,Indiana,28048,44,396,3,1.4%,2739,76,41.61672009,-86.28991117,2021-02-02 20:02 EDT
Elkhart,Indiana,24739,24,349,1,1.4%,2489,43,41.59735788,-85.85875499,2021-02-02 20:02 EDT
Vanderburgh,Indiana,20229,49,263,2,1.3%,3329,50,38.02586461,-87.58564969999998,2021-02-02 20:02 EDT
Tippecanoe,Indiana,18623,57,153,2,0.8%,769,73,40.38856752,-86.89409188,2021-02-02 20:02 EDT
Johnson,Indiana,15639,41,300,2,1.9%,269,5,39.48998224,-86.10160833,2021-02-02 20:02 EDT
Porter,Indiana,15235,14,176,0,1.2%,429,65,41.46029716,-87.06718788,2021-02-02 20:02 EDT
Hendricks,Indiana,14970,27,262,2,1.8%,2229,20,39.8065,-86.5401,2021-02-02 20:02 EDT
Madison,Indiana,11341,32,234,4,2.1%,2429,70,40.16165564,-85.71935843,2021-02-02 20:02 EDT
Clark,Indiana,11241,35,150,1,1.3%,227,89,38.47741675,-85.70747393,2021-02-02 20:02 EDT
Vigo,Indiana,11058,18,188,0,1.7%,1439,39,39.43062951,-87.38994949,2021-02-02 20:02 EDT
Monroe,Indiana,9743,33,117,0,1.2%,1959,47,39.1608893,-86.52313759,2021-02-02 20:02 EDT
Delaware,Indiana,9463,34,136,0,1.4%,41399,70,40.22750338,-85.39691195,2021-02-02 20:02 EDT
LaPorte,Indiana,9399,17,172,2,1.8%,2619,26,41.6106,-86.72251999999996,2021-02-02 20:02 EDT
Howard,Indiana,8640,41,153,0,1.8%,829,15,40.48359609,-86.11686027,2021-02-02 20:02 EDT
Kosciusko,Indiana,8227,12,85,0,1.0%,4389,13,41.24408373,-85.86071581,2021-02-02 20:02 EDT
Warrick,Indiana,7036,23,104,0,1.5%,3329,3,38.09264698,-87.27191214,2021-02-02 20:02 EDT
Hancock,Indiana,7021,25,110,1,1.6%,2429,38,39.82353217,-85.77322257,2021-02-02 20:02 EDT
Bartholomew,Indiana,6877,26,107,3,1.6%,3759,18,39.20594992,-85.8975923,2021-02-02 20:02 EDT
Floyd,Indiana,6716,17,120,2,1.8%,3889,94,38.318983100000004,-85.90692978,2021-02-02 20:02 EDT
Wayne,Indiana,6342,16,170,3,2.7%,2959,48,39.86443721,-85.00984284,2021-02-02 20:02 EDT
Grant,Indiana,6174,16,122,0,2.0%,2959,24,40.51583936,-85.65471184,2021-02-02 20:02 EDT
Boone,Indiana,5748,17,70,0,1.2%,1159,69,40.05074486,-86.46869878,2021-02-02 20:02 EDT
Morgan,Indiana,5721,33,102,1,1.8%,2739,2,39.48150997,-86.44614769,2021-02-02 20:02 EDT
Dubois,Indiana,5688,15,82,0,1.4%,1769,8,38.36429392,-86.87980863,2021-02-02 20:02 EDT
Henry,Indiana,5226,10,67,0,1.3%,2959,3,39.93105393,-85.39644379,2021-02-02 20:02 EDT
Marshall,Indiana,5193,8,84,0,1.6%,89,15,41.32486705,-86.26175101,2021-02-02 20:02 EDT
Dearborn,Indiana,5091,32,48,1,0.9%,157,4,39.14532423,-84.97353769,2021-02-02 20:02 EDT
Cass,Indiana,5049,10,65,1,1.3%,43689,71,40.76146447,-86.34592797,2021-02-02 20:02 EDT
Noble,Indiana,4855,6,59,0,1.2%,277,4,41.39858246,-85.41743879,2021-02-02 20:02 EDT
Jackson,Indiana,4404,10,48,0,1.1%,4739,17,38.90635013,-86.03750925,2021-02-02 20:02 EDT
Shelby,Indiana,4365,17,82,0,1.9%,2549,32,39.52367018,-85.79166999,2021-02-02 20:02 EDT
Lawrence,Indiana,4031,11,84,1,2.1%,2929,0,38.84116374,-86.48345363,2021-02-02 20:02 EDT
Gibson,Indiana,3876,8,60,0,1.5%,2199,21,38.31186789,-87.5845025,2021-02-02 20:02 EDT
Clinton,Indiana,3826,4,45,0,1.2%,159,8,40.30167762,-86.47510302,2021-02-02 20:02 EDT
Harrison,Indiana,3693,13,48,0,1.3%,259,53,38.19564948,-86.11140473,2021-02-02 20:02 EDT
Montgomery,Indiana,3607,9,57,1,1.6%,529,10,40.04034687,-86.89328987,2021-02-02 20:02 EDT
DeKalb,Indiana,3606,10,65,0,1.8%,2389,3,41.39759705,-84.99908267,2021-02-02 20:02 EDT
Knox,Indiana,3439,7,39,0,1.1%,2389,1,38.68907496,-87.41807802,2021-02-02 20:02 EDT
Miami,Indiana,3356,10,47,0,1.4%,1689,4,40.76943710000001,-86.04495875,2021-02-02 20:02 EDT
Whitley,Indiana,3243,14,26,0,0.8%,2969,12,41.13937791,-85.50512094,2021-02-02 20:02 EDT
Steuben,Indiana,3209,9,48,1,1.5%,2159,1,41.64385951,-85.00072956,2021-02-02 20:02 EDT
Wabash,Indiana,3137,6,51,0,1.6%,4339,8,40.84569635,-85.79399236,2021-02-02 20:02 EDT
Ripley,Indiana,3104,10,50,1,1.6%,42059,8,39.10347687,-85.26239031,2021-02-02 20:02 EDT
Adams,Indiana,3095,7,38,1,1.2%,489,9,40.74565068,-84.93663421,2021-02-02 20:02 EDT
Huntington,Indiana,3082,6,63,0,2.0%,41689,25,40.82924485,-85.48815919,2021-02-02 20:02 EDT
Putnam,Indiana,3064,10,54,0,1.8%,3429,3,39.66614809,-86.84500302,2021-02-02 20:02 EDT
Jasper,Indiana,2997,6,35,0,1.2%,1419,7,41.02299397,-87.11610284,2021-02-02 20:02 EDT
White,Indiana,2817,7,44,0,1.6%,147,8,40.74973731,-86.86546388,2021-02-02 20:02 EDT
Daviess,Indiana,2773,8,76,0,2.7%,3569,6,38.7024495,-87.07206162,2021-02-02 20:02 EDT
Jefferson,Indiana,2757,3,38,0,1.4%,4249,0,38.7860026,-85.43872738,2021-02-02 20:02 EDT
Fayette,Indiana,2577,15,50,0,1.9%,4114,8,39.64006518,-85.17871479,2021-02-02 20:02 EDT
Decatur,Indiana,2556,5,83,0,3.2%,1239,7,39.30703089,-85.50116846,2021-02-02 20:02 EDT
Greene,Indiana,2493,8,64,0,2.6%,41589,6,39.03631962,-86.96204887,2021-02-02 20:02 EDT
Posey,Indiana,2474,5,28,0,1.1%,2439,6,38.02285998,-87.86824664,2021-02-02 20:02 EDT
Wells,Indiana,2411,3,53,0,2.2%,4199,6,40.72919489,-85.22121595,2021-02-02 20:02 EDT
LaGrange,Indiana,2356,6,63,0,2.7%,9,3,41.64260761,-85.42645765,2021-02-02 20:02 EDT
Scott,Indiana,2347,8,41,0,1.7%,277,8,38.68501474,-85.74748138,2021-02-02 20:02 EDT
Clay,Indiana,2301,8,32,0,1.4%,159,1,39.392718200000004,-87.11577828,2021-02-02 20:02 EDT
Randolph,Indiana,2187,4,48,0,2.2%,5179,9,40.15763653,-85.01128101,2021-02-02 20:02 EDT
Jennings,Indiana,2058,5,38,0,1.8%,309,9,38.99694082,-85.62804372,2021-02-02 20:02 EDT
Spencer,Indiana,2020,7,25,0,1.2%,979,4,38.01423191,-87.00797798,2021-02-02 20:02 EDT
Sullivan,Indiana,1974,5,33,0,1.7%,59,8,39.08881253,-87.41465387,2021-02-02 20:02 EDT
Washington,Indiana,1964,8,23,0,1.2%,2379,4,38.60002353,-86.1053071,2021-02-02 20:02 EDT
Fountain,Indiana,1907,2,27,0,1.4%,4179,5,40.12086639,-87.24195941,2021-02-02 20:02 EDT
Starke,Indiana,1806,1,44,0,2.4%,1639,6,41.28093755,-86.64761248,2021-02-02 20:02 EDT
Owen,Indiana,1749,8,38,0,2.2%,839,6,39.31272984,-86.83764090000004,2021-02-02 20:02 EDT
Jay,Indiana,1732,8,23,0,1.3%,629,5,40.43791113,-85.0056511,2021-02-02 20:02 EDT
Fulton,Indiana,1691,1,30,0,1.8%,149,7,41.046915999999996,-86.26350692,2021-02-02 20:02 EDT
Orange,Indiana,1673,11,36,1,2.2%,2229,3,38.54173334,-86.49502758,2021-02-02 20:02 EDT
Carroll,Indiana,1669,6,17,1,1.0%,69,3,40.58285483,-86.56344828,2021-02-02 20:02 EDT
Perry,Indiana,1649,3,33,0,2.0%,42949,8,38.0803602,-86.63807857,2021-02-02 20:02 EDT
Rush,Indiana,1594,0,18,0,1.1%,3759,0,39.61994213,-85.46571984,2021-02-02 20:02 EDT
Franklin,Indiana,1542,4,33,0,2.1%,2189,3,39.41487151,-85.06025193,2021-02-02 20:02 EDT
Vermillion,Indiana,1538,1,1,0,0.1%,959,8,39.853774200000004,-87.46395655,2021-02-02 20:02 EDT
Tipton,Indiana,1382,5,33,0,2.4%,2699,8,40.31135533,-86.05184494,2021-02-02 20:02 EDT
Parke,Indiana,1338,2,10,1,0.7%,46119,9,39.77358618,-87.20636919,2021-02-02 20:02 EDT
Pike,Indiana,1232,0,26,0,2.1%,229,4,38.39881615,-87.23209669,2021-02-02 20:02 EDT
Blackford,Indiana,1144,4,23,0,2.0%,1439,4,40.47358843,-85.32482790000002,2021-02-02 20:02 EDT
Pulaski,Indiana,1001,0,38,0,3.8%,1549,92,41.04181939,-86.69873266,2021-02-02 20:02 EDT
Newton,Indiana,951,2,23,2,2.4%,1079,5,40.95581386,-87.39751584,2021-02-02 20:02 EDT
Brown,Indiana,909,3,35,0,3.9%,2769,1,39.19618714,-86.22734946,2021-02-02 20:02 EDT
Benton,Indiana,892,2,10,0,1.1%,4167,1,40.60625067,-87.31091618,2021-02-02 20:02 EDT
Crawford,Indiana,845,6,9,0,1.1%,539,6,38.29259996,-86.45186652,2021-02-02 20:02 EDT
Martin,Indiana,773,4,13,0,1.7%,4659,3,38.70796387,-86.80305212,2021-02-02 20:02 EDT
Warren,Indiana,705,0,7,0,1.0%,1749,9,40.34688234,-87.3533304,2021-02-02 20:02 EDT
Switzerland,Indiana,703,2,5,0,0.7%,2619,4,38.82621198,-85.03820182,2021-02-02 20:02 EDT
Union,Indiana,638,2,7,0,1.1%,409,0,39.62555584,-84.9251997,2021-02-02 20:02 EDT
Ohio,Indiana,508,0,7,0,1.4%,569,1,38.94971085,-84.96631379,2021-02-02 20:02 EDT
Bergen,New Jersey,60562,0,2213,0,3.7%,1759,356,40.95949149,-74.074442,2021-02-02 20:02 EDT
Essex,New Jersey,60278,0,2286,0,3.8%,99,528,40.78779259,-74.24760059,2021-02-02 20:02 EDT
Middlesex,New Jersey,60146,0,1712,0,2.8%,1869,581,40.57936,-74.50067,2021-02-02 20:02 EDT
Hudson,New Jersey,56942,0,1697,0,3.0%,2759,28,40.74034231,-74.07410970000002,2021-02-02 20:02 EDT
Passaic,New Jersey,47587,0,1440,0,3.0%,229,542,40.86034,-74.12374,2021-02-02 20:02 EDT
Ocean,New Jersey,45091,0,1563,0,3.5%,1859,124,39.90927434,-74.2969653,2021-02-02 20:02 EDT
Monmouth,New Jersey,44982,0,1154,0,2.6%,2569,976,40.2600411,-74.22194634,2021-02-02 20:02 EDT
Union,New Jersey,44738,0,1489,0,3.3%,2689,157,40.69635,-74.26957,2021-02-02 20:02 EDT
Camden,New Jersey,36558,0,955,0,2.6%,2889,85,39.94525,-75.11913,2021-02-02 20:02 EDT
Burlington,New Jersey,28035,0,639,0,2.3%,2079,21,40.07687,-74.85775,2021-02-02 20:02 EDT
Morris,New Jersey,27888,0,845,0,3.0%,1689,386,40.86201902,-74.5442741,2021-02-02 20:02 EDT
Mercer,New Jersey,23822,0,782,0,3.3%,2619,93,40.28331911,-74.70157374,2021-02-02 20:02 EDT
Gloucester,New Jersey,19205,0,474,0,2.5%,3399,94,39.71720107,-75.14164366,2021-02-02 20:02 EDT
Atlantic,New Jersey,17354,0,454,0,2.6%,3419,40,39.4806564,-74.67264306,2021-02-02 20:02 EDT
Somerset,New Jersey,16433,0,649,0,3.9%,179,23,40.49859,-74.52249,2021-02-02 20:02 EDT
Cumberland,New Jersey,10824,0,287,0,2.7%,446,4,39.37311491,-75.11061925,2021-02-02 20:02 EDT
Sussex,New Jersey,8155,0,256,0,3.1%,6049,42,41.13934496,-74.69067762,2021-02-02 20:02 EDT
Warren,New Jersey,5529,0,184,0,3.3%,1429,72,40.85732358,-74.997063,2021-02-02 20:02 EDT
Hunterdon,New Jersey,5382,0,93,0,1.7%,2249,35,40.56725317,-74.91217921,2021-02-02 20:02 EDT
Salem,New Jersey,3914,0,129,0,3.3%,4319,28,39.57661332,-75.35810746,2021-02-02 20:02 EDT
Cape May,New Jersey,3214,0,141,0,4.4%,3919,9,38.93547,-74.92137,2021-02-02 20:02 EDT
Oakland,Michigan,71009,205,1906,8,2.7%,769,451,42.74214,-83.16174000000002,2021-02-02 20:02 EDT
Wayne--Non Detroit,Michigan,66172,152,2071,10,3.1%,2319,128,42.3313602,-83.08207611,2021-02-02 20:02 EDT
Macomb,Michigan,56176,121,1868,6,3.3%,2989,48,42.69565,-82.92171,2021-02-02 20:02 EDT
Kent,Michigan,49516,95,656,0,1.3%,2979,78,43.03216204,-85.54929822,2021-02-02 20:02 EDT
Wayne--Detroit,Michigan,31056,55,1924,3,6.2%,229,572,42.23054000000001,-83.34299999999998,2021-02-02 20:02 EDT
Genesee,Michigan,24445,54,729,1,3.0%,3829,95,43.0217016,-83.70675478,2021-02-02 20:02 EDT
Michigan Department of Corrections (MDOC),Michigan,23804,3,143,0,0.6%,889,3,44.12519983,-84.1966975,2021-02-02 20:02 EDT
Ottawa,Michigan,21326,46,336,1,1.6%,2069,92,42.96071229,-85.99516567,2021-02-02 20:02 EDT
Washtenaw,Michigan,16950,96,228,1,1.3%,42819,57,42.25322942,-83.83877634,2021-02-02 20:02 EDT
Ingham,Michigan,15174,48,261,1,1.7%,899,50,42.59709245,-84.37353421,2021-02-02 20:02 EDT
Kalamazoo,Michigan,14313,41,313,4,2.2%,499,27,42.24543721,-85.53116967,2021-02-02 20:02 EDT
Saginaw,Michigan,14230,32,471,3,3.3%,2879,58,43.33502489,-84.05317757,2021-02-02 20:02 EDT
Berrien,Michigan,10891,30,224,0,2.1%,1829,56,41.95468698,-86.41222292,2021-02-02 20:02 EDT
Muskegon,Michigan,10312,15,298,0,2.9%,3199,13,43.29120706,-86.15200005,2021-02-02 20:02 EDT
Livingston,Michigan,9677,22,115,3,1.2%,2289,60,42.60291818,-83.91152404,2021-02-02 20:02 EDT
Monroe,Michigan,9249,29,183,1,2.0%,1319,45,41.916059999999995,-83.3979,2021-02-02 20:02 EDT
Jackson,Michigan,9046,33,202,0,2.2%,4139,29,42.24848235,-84.42344983,2021-02-02 20:02 EDT
Calhoun,Michigan,8990,23,220,2,2.4%,17,27,42.24653649,-85.00558363,2021-02-02 20:02 EDT
St. Clair,Michigan,8279,19,236,5,2.9%,3249,42,42.83189,-82.50220999999998,2021-02-02 20:02 EDT
Bay,Michigan,7132,6,266,2,3.7%,4439,21,43.70732889,-83.99203709,2021-02-02 20:02 EDT
Allegan,Michigan,6973,21,106,0,1.5%,217,73,42.5912512,-85.88819122,2021-02-02 20:02 EDT
Eaton,Michigan,5899,28,138,3,2.3%,1979,83,42.59607493,-84.83832067,2021-02-02 20:02 EDT
Lenawee,Michigan,5775,27,94,2,1.6%,2289,13,41.89508162,-84.06637218,2021-02-02 20:02 EDT
Midland,Michigan,4783,12,57,1,1.2%,599,11,43.6468649,-84.38811027,2021-02-02 20:02 EDT
Clinton,Michigan,4771,12,66,0,1.4%,829,23,42.94365426,-84.60151416,2021-02-02 20:02 EDT
Van Buren,Michigan,4759,16,94,0,2.0%,489,9,42.25130726,-86.01888992,2021-02-02 20:02 EDT
Lapeer,Michigan,4595,11,115,1,2.5%,1399,8,43.09013207,-83.22178574,2021-02-02 20:02 EDT
St. Joseph,Michigan,4461,26,75,0,1.7%,4299,41,42.10339000000001,-86.48526,2021-02-02 20:02 EDT
Ionia,Michigan,3986,6,63,0,1.6%,1939,7,42.94508875,-85.0745858,2021-02-02 20:02 EDT
Grand Traverse,Michigan,3943,6,62,4,1.6%,2869,0,44.66867927,-85.56047625,2021-02-02 20:02 EDT
Marquette,Michigan,3896,5,54,0,1.4%,4189,2,46.43125285,-87.64159342,2021-02-02 20:02 EDT
Isabella,Michigan,3857,5,69,0,1.8%,2589,6,43.64058966,-84.84678576,2021-02-02 20:02 EDT
Cass,Michigan,3762,14,57,0,1.5%,959,6,41.91539285,-85.993454,2021-02-02 20:02 EDT
Branch,Michigan,3649,6,81,0,2.2%,3989,8,41.91610928,-85.0590276,2021-02-02 20:02 EDT
Shiawassee,Michigan,3583,8,74,0,2.1%,4249,6,42.95373745,-84.14674301,2021-02-02 20:02 EDT
Barry,Michigan,3565,15,41,1,1.2%,2319,0,42.59502105,-85.30897251,2021-02-02 20:02 EDT
Montcalm,Michigan,3351,4,84,0,2.5%,4079,2,43.31095473,-85.1525018,2021-02-02 20:02 EDT
Hillsdale,Michigan,3161,8,69,1,2.2%,3749,2,41.88776412,-84.59292627,2021-02-02 20:02 EDT
Tuscola,Michigan,3075,0,128,1,4.2%,4129,7,43.46412684,-83.41682258,2021-02-02 20:02 EDT
Delta,Michigan,3074,0,82,0,2.7%,5339,4,45.91966645,-86.92448818,2021-02-02 20:02 EDT
Gratiot,Michigan,2707,6,96,1,3.5%,7259,92,43.29271635,-84.60489269,2021-02-02 20:02 EDT
Newaygo,Michigan,2645,9,44,0,1.7%,779,0,43.55418492,-85.80088959,2021-02-02 20:02 EDT
Houghton,Michigan,2482,4,39,0,1.6%,5629,2,46.89766336,-88.68764908,2021-02-02 20:02 EDT
Dickinson,Michigan,2334,1,70,0,3.0%,509,5,46.00922399,-87.87027984,2021-02-02 20:02 EDT
Huron,Michigan,2008,8,54,0,2.7%,4279,9,43.83330684,-83.01889316,2021-02-02 20:02 EDT
Sanilac,Michigan,1891,4,73,0,3.9%,3189,0,43.42356616,-82.82012595,2021-02-02 20:02 EDT
Mecosta,Michigan,1877,3,19,1,1.0%,9,7,43.64081072,-85.32462119,2021-02-02 20:02 EDT
Menominee,Michigan,1849,1,35,0,1.9%,6479,2,45.5800815,-87.55659122,2021-02-02 20:02 EDT
Oceana,Michigan,1816,0,48,0,2.6%,509,92,43.64089041,-86.26756686,2021-02-02 20:02 EDT
Out of State,Michigan,1766,17,11,0,0.6%,0,45,42.89788595,-86.21104527,2021-02-02 20:02 EDT
Chippewa,Michigan,1709,2,24,1,1.4%,4579,9,46.30381924,-84.59406579,2021-02-02 20:02 EDT
Clare,Michigan,1537,5,68,0,4.4%,2289,1,43.9878737,-84.84783104,2021-02-02 20:02 EDT
Gladwin,Michigan,1432,2,42,0,2.9%,4539,9,43.9906941,-84.38823148,2021-02-02 20:02 EDT
Alpena,Michigan,1424,0,45,0,3.2%,6989,3,45.03481752,-83.62829793,2021-02-02 20:02 EDT
Emmet,Michigan,1406,2,35,0,2.5%,41569,7,45.52025096,-84.89032852,2021-02-02 20:02 EDT
Wexford,Michigan,1323,5,20,0,1.5%,9,2,44.33836176,-85.57838222,2021-02-02 20:02 EDT
Iosco,Michigan,1255,4,62,0,4.9%,43339,4,44.35582423,-83.63589799,2021-02-02 20:02 EDT
Mason,Michigan,1191,5,26,0,2.2%,47089,1,43.99526591,-86.24994251,2021-02-02 20:02 EDT
Gogebic,Michigan,1181,0,44,0,3.7%,1099,1,46.40892793,-89.69451128,2021-02-02 20:02 EDT
Otsego,Michigan,1095,2,25,0,2.3%,412869,6,45.0992,-84.6482,2021-02-02 20:02 EDT
Roscommon,Michigan,1093,1,31,0,2.8%,4239,5,44.33561169,-84.61161259999999,2021-02-02 20:02 EDT
Ogemaw,Michigan,1085,1,30,0,2.8%,42359,2,44.33494161,-84.12642461,2021-02-02 20:02 EDT
Charlevoix,Michigan,1000,12,12,0,1.2%,43089,4,45.31653,-85.26071999999998,2021-02-02 20:02 EDT
Osceola,Michigan,995,2,22,0,2.2%,369,6,43.98983264,-85.3252569,2021-02-02 20:02 EDT
Iron,Michigan,916,2,47,0,5.1%,409,0,46.20866314900008,-88.53062522699997,2021-02-02 20:02 EDT
Cheboygan,Michigan,863,5,34,0,3.9%,41829,3,45.44604693,-84.50037715,2021-02-02 20:02 EDT
Benzie,Michigan,862,0,30,0,3.5%,1719,9,44.63871489,-86.01554559,2021-02-02 20:02 EDT
Antrim,Michigan,856,4,18,1,2.1%,9,7,44.99908039,-85.14020693,2021-02-02 20:02 EDT
Leelanau,Michigan,822,1,11,0,1.3%,6849,2,44.93849073,-85.81182341,2021-02-02 20:02 EDT
Manistee,Michigan,760,2,20,0,2.6%,42789,3,44.33296585,-86.056664,2021-02-02 20:02 EDT
Arenac,Michigan,705,2,23,0,3.3%,5299,0,44.06545929,-83.89500345,2021-02-02 20:02 EDT
Missaukee,Michigan,687,3,17,1,2.5%,2569,9,44.33731289999999,-85.09467583,2021-02-02 20:02 EDT
Presque Isle,Michigan,625,0,24,1,3.8%,3339,4,45.334740000000004,-83.4922,2021-02-02 20:02 EDT
Baraga,Michigan,581,0,31,0,5.3%,9,0,46.66247105,-88.36526587,2021-02-02 20:02 EDT
Crawford,Michigan,562,0,5,0,0.9%,4714,4,44.68361792,-84.61032167,2021-02-02 20:02 EDT
Kalkaska,Michigan,558,1,14,0,2.5%,41439,6,44.68468247,-85.09024392,2021-02-02 20:02 EDT
Alger,Michigan,425,1,3,0,0.7%,7149,0,46.408614297000035,-86.60371909999998,2021-02-02 20:02 EDT
Mackinac,Michigan,424,2,3,0,0.7%,409,0,46.08164960000001,-85.0949245,2021-02-02 20:02 EDT
Alcona,Michigan,413,0,23,0,5.6%,423339,0,44.68542323,-83.59379014,2021-02-02 20:02 EDT
Ontonagon,Michigan,380,2,18,0,4.7%,42319,2,46.66440518,-89.31498528,2021-02-02 20:02 EDT
Oscoda,Michigan,376,0,18,0,4.8%,4667,0,44.68175604,-84.12973404,2021-02-02 20:02 EDT
Montmorency,Michigan,348,0,17,0,4.9%,1009,0,45.02756198,-84.12718063,2021-02-02 20:02 EDT
Lake,Michigan,346,0,11,0,3.2%,9,0,43.99004793,-85.80163355,2021-02-02 20:02 EDT
Federal Correctional Institution (FCI),Michigan,313,0,5,0,1.6%,426679,1,41.48722,-74.52667,2021-02-02 20:02 EDT
Schoolcraft,Michigan,251,0,5,0,2.0%,41009,0,46.19657743,-86.19958967,2021-02-02 20:02 EDT
Luce,Michigan,204,0,1,0,0.5%,6679,0,46.47068818,-85.54429263,2021-02-02 20:02 EDT
Keweenaw,Michigan,131,0,2,0,1.5%,609,0,47.361821633000034,-88.12830852099995,2021-02-02 20:02 EDT
Milwaukee,Wisconsin,95255,177,1151,15,1.2%,2239,487,43.042,-87.90687,2021-02-02 20:02 EDT
Waukesha,Wisconsin,39218,97,448,2,1.1%,1489,10,43.01458,-88.23548000000002,2021-02-02 20:02 EDT
Dane,Wisconsin,38085,65,251,0,0.7%,719,33,43.2509,-89.51829000000002,2021-02-02 20:02 EDT
Brown,Wisconsin,29435,107,197,0,0.7%,119,79,44.45262729,-88.00370915,2021-02-02 20:02 EDT
Racine,Wisconsin,19867,32,300,1,1.5%,429,44,42.72564000000001,-87.78955,2021-02-02 20:02 EDT
Outagamie,Wisconsin,18479,39,183,2,1.0%,519,51,44.41615179,-88.46497822,2021-02-02 20:02 EDT
Winnebago,Wisconsin,16579,27,169,0,1.0%,2259,3,44.07516,-88.52521999999998,2021-02-02 20:02 EDT
Kenosha,Wisconsin,14308,53,275,4,1.9%,1259,51,42.58808,-87.82326,2021-02-02 20:02 EDT
Rock,Wisconsin,13822,29,145,1,1.0%,249,25,42.67120761,-89.07156318,2021-02-02 20:02 EDT
Marathon,Wisconsin,13336,23,169,0,1.3%,1879,74,44.89828784,-89.75909446,2021-02-02 20:02 EDT
Washington,Wisconsin,13317,31,124,1,0.9%,2329,92,43.36846263,-88.23074627,2021-02-02 20:02 EDT
Sheboygan,Wisconsin,12474,11,122,8,1.0%,3019,16,43.74978,-87.71343,2021-02-02 20:02 EDT
La Crosse,Wisconsin,11774,21,74,1,0.6%,41339,57,43.812670000000004,-91.25206,2021-02-02 20:02 EDT
Fond du Lac,Wisconsin,11587,43,84,0,0.7%,1459,48,43.77302,-88.44709,2021-02-02 20:02 EDT
Dodge,Wisconsin,11174,10,147,0,1.3%,1959,3,43.4162726,-88.70750858,2021-02-02 20:02 EDT
Eau Claire,Wisconsin,10597,14,98,0,0.9%,1879,8,44.81658,-91.50076999999999,2021-02-02 20:02 EDT
Walworth,Wisconsin,8623,33,119,1,1.4%,1849,20,42.66860085,-88.54195408,2021-02-02 20:02 EDT
Jefferson,Wisconsin,7607,20,71,0,0.9%,1719,45,43.02076065,-88.77587692,2021-02-02 20:02 EDT
Ozaukee,Wisconsin,7359,10,72,0,1.0%,3419,18,43.38406045,-87.95080924,2021-02-02 20:02 EDT
Manitowoc,Wisconsin,6960,9,60,0,0.9%,89,21,44.11997775,-87.80950944,2021-02-02 20:02 EDT
Chippewa,Wisconsin,6833,0,80,0,1.2%,2639,23,45.06939639,-91.279892,2021-02-02 20:02 EDT
Wood,Wisconsin,6439,13,67,0,1.0%,432,59,44.475229999999996,-90.16062,2021-02-02 20:02 EDT
Portage,Wisconsin,6194,29,60,1,1.0%,43529,42,44.47601449,-89.50137932,2021-02-02 20:02 EDT
St. Croix,Wisconsin,6151,11,41,0,0.7%,2259,17,45.76718408,-92.14814145,2021-02-02 20:02 EDT
Calumet,Wisconsin,5264,5,39,0,0.7%,289,6,44.08345086,-88.18359015,2021-02-02 20:02 EDT
Barron,Wisconsin,5135,1,71,0,1.4%,2929,2,45.4236968,-91.84834286,2021-02-02 20:02 EDT
Sauk,Wisconsin,5095,6,36,0,0.7%,2739,8,43.42669313,-89.9483328,2021-02-02 20:02 EDT
Columbia,Wisconsin,4851,4,44,0,0.9%,1619,4,43.46663,-89.33374585,2021-02-02 20:02 EDT
Waupaca,Wisconsin,4632,6,107,0,2.3%,5439,8,44.47041618,-88.96482606,2021-02-02 20:02 EDT
Grant,Wisconsin,4519,7,79,0,1.7%,42539,4,42.8719803,-90.70267957,2021-02-02 20:02 EDT
Shawano,Wisconsin,4510,3,69,0,1.5%,2189,3,44.78917315,-88.76550449,2021-02-02 20:02 EDT
Oconto,Wisconsin,4165,5,47,0,1.1%,9,0,45.02609121,-88.26924557,2021-02-02 20:02 EDT
Monroe,Wisconsin,4098,4,30,0,0.7%,459,2,43.94571645,-90.61781225,2021-02-02 20:02 EDT
Dunn,Wisconsin,4074,7,26,0,0.6%,569,2,44.94656917,-91.89636358,2021-02-02 20:02 EDT
Marinette,Wisconsin,3912,8,61,1,1.6%,4039,0,45.38323094,-88.03362786,2021-02-02 20:02 EDT
Polk,Wisconsin,3612,7,42,0,1.2%,41529,6,45.46135982,-92.44140294,2021-02-02 20:02 EDT
Douglas,Wisconsin,3596,33,18,0,0.5%,46839,1,46.43154108,-91.91539378,2021-02-02 20:02 EDT
Pierce,Wisconsin,3338,12,33,0,1.0%,49759,9,44.72273325,-92.42192317,2021-02-02 20:02 EDT
Trempealeau,Wisconsin,3280,1,36,0,1.1%,4269,7,44.30491642,-91.35795451,2021-02-02 20:02 EDT
Oneida,Wisconsin,3215,8,57,0,1.8%,43599,6,45.70553737,-89.52183343,2021-02-02 20:02 EDT
Clark,Wisconsin,3105,2,57,0,1.8%,4229,7,44.73471534,-90.61200829,2021-02-02 20:02 EDT
Juneau,Wisconsin,2889,3,17,0,0.6%,3899,3,43.92068395,-90.11816929999999,2021-02-02 20:02 EDT
Lincoln,Wisconsin,2811,4,55,0,2.0%,2739,0,45.33741689,-89.7346403,2021-02-02 20:02 EDT
Green,Wisconsin,2744,7,13,0,0.5%,43339,8,42.6799749,-89.6022699,2021-02-02 20:02 EDT
Jackson,Wisconsin,2550,2,23,0,0.9%,5719,5,44.319154499999996,-90.80514856,2021-02-02 20:02 EDT
Kewaunee,Wisconsin,2358,6,26,0,1.1%,2939,1,44.51608802,-87.61523604,2021-02-02 20:02 EDT
Door,Wisconsin,2354,0,18,0,0.8%,3819,6,44.94321332,-87.31731062,2021-02-02 20:02 EDT
Waushara,Wisconsin,2046,2,25,0,1.2%,489,3,44.11312349,-89.24285926,2021-02-02 20:02 EDT
Vilas,Wisconsin,1968,4,32,0,1.6%,44689,1,46.0528602,-89.51481039,2021-02-02 20:02 EDT
Langlade,Wisconsin,1892,1,31,0,1.6%,9,0,45.26233746,-89.07193043,2021-02-02 20:02 EDT
Iowa,Wisconsin,1800,1,9,0,0.5%,42359,1,43.00041354,-90.13535249,2021-02-02 20:02 EDT
Taylor,Wisconsin,1758,0,20,0,1.1%,4529,7,45.21149988,-90.50126077,2021-02-02 20:02 EDT
Vernon,Wisconsin,1744,6,34,0,1.9%,3569,9,43.59242899,-90.82300776,2021-02-02 20:02 EDT
Crawford,Wisconsin,1641,2,16,0,1.0%,4209,2,43.23879765,-90.92323863,2021-02-02 20:02 EDT
Adams,Wisconsin,1511,1,11,0,0.7%,59,8,43.96393792,-89.76077662,2021-02-02 20:02 EDT
Green Lake,Wisconsin,1492,1,17,2,1.1%,6259,2,43.845620000000004,-88.9601,2021-02-02 20:02 EDT
Sawyer,Wisconsin,1420,3,17,0,1.2%,3889,0,45.87982189,-91.14453106,2021-02-02 20:02 EDT
Lafayette,Wisconsin,1377,0,7,0,0.5%,129,92,42.66050368,-90.13178819,2021-02-02 20:02 EDT
Marquette,Wisconsin,1276,6,21,0,1.6%,4737,3,43.8196226,-89.39878122,2021-02-02 20:02 EDT
Buffalo,Wisconsin,1275,5,7,0,0.5%,259,6,44.38423945,-91.75192483,2021-02-02 20:02 EDT
Washburn,Wisconsin,1236,1,18,0,1.5%,3629,0,45.89922611,-91.79135422,2021-02-02 20:02 EDT
Richland,Wisconsin,1232,2,14,0,1.1%,4459,3,43.37560765,-90.42945458,2021-02-02 20:02 EDT
Rusk,Wisconsin,1228,0,15,0,1.2%,5249,0,45.47512906,-91.13319139,2021-02-02 20:02 EDT
Ashland,Wisconsin,1148,0,16,0,1.4%,1159,3,46.31386579,-90.67803601,2021-02-02 20:02 EDT
Burnett,Wisconsin,1110,3,23,0,2.1%,4919,4,45.86265943,-92.36746094,2021-02-02 20:02 EDT
Price,Wisconsin,1105,0,7,0,0.6%,5199,6,45.68031945,-90.36145792,2021-02-02 20:02 EDT
Bayfield,Wisconsin,1038,2,18,0,1.7%,6159,0,46.52358987,-91.200841,2021-02-02 20:02 EDT
Forest,Wisconsin,914,3,22,0,2.4%,4857,3,45.66722559,-88.77037802,2021-02-02 20:02 EDT
Menominee,Wisconsin,786,3,11,0,1.4%,7279,0,45.00436019,-88.70992326,2021-02-02 20:02 EDT
Pepin,Wisconsin,782,5,7,0,0.9%,5569,0,44.64017974,-91.973865,2021-02-02 20:02 EDT
Iron,Wisconsin,476,0,19,0,4.0%,7839,0,46.26225931,-90.24195444,2021-02-02 20:02 EDT
Florence,Wisconsin,426,0,12,0,2.8%,48009,0,45.84845576,-88.39812402,2021-02-02 20:02 EDT
Middlesex,Massachusetts,102781,382,3142,8,3.1%,2049,953,42.48559407,-71.3917913,2021-02-02 20:02 EDT
Essex,Massachusetts,77815,159,1980,7,2.5%,2929,480,42.632509999999996,-70.78113,2021-02-02 20:02 EDT
Suffolk,Massachusetts,72062,193,1568,2,2.2%,2449,582,42.33189157,-71.07537429,2021-02-02 20:02 EDT
Worcester,Massachusetts,59838,224,1851,12,3.1%,2749,417,42.26341,-71.80219,2021-02-02 20:02 EDT
Bristol,Massachusetts,50785,285,1350,6,2.7%,2399,310,41.79836956,-71.11428121,2021-02-02 20:02 EDT
Norfolk,Massachusetts,40873,223,1483,3,3.6%,2649,176,42.119409999999995,-71.33083,2021-02-02 20:02 EDT
Hampden,Massachusetts,37640,243,1207,0,3.2%,1939,828,42.064613,-72.422,2021-02-02 20:02 EDT
Plymouth,Massachusetts,36383,176,1167,3,3.2%,2149,821,41.92808,-70.6568,2021-02-02 20:02 EDT
Barnstable,Massachusetts,8770,31,342,0,3.9%,4199,67,41.70194,-70.30442,2021-02-02 20:02 EDT
Hampshire,Massachusetts,5760,38,234,0,4.1%,4769,52,42.3402715,-72.66940388,2021-02-02 20:02 EDT
Berkshire,Massachusetts,4551,18,220,3,4.8%,3339,88,42.51105,-73.19426,2021-02-02 20:02 EDT
Dukes and Nantucket,Massachusetts,1879,16,2,0,0.1%,1799,6,42.312753,-71.30182950000003,2021-02-02 20:02 EDT
Franklin,Massachusetts,1792,5,98,1,5.5%,1179,3,42.58654867,-72.59777313,2021-02-02 20:02 EDT
Fairfax,Virginia,59960,243,788,4,1.3%,919,401,38.84179,-77.30887,2021-02-02 20:02 EDT
Prince William,Virginia,35573,161,315,2,0.9%,1469,537,38.7024474,-77.4800235,2021-02-02 20:02 EDT
Virginia Beach,Virginia,26580,160,209,1,0.8%,999,662,36.75528,-76.05962,2021-02-02 20:02 EDT
Loudoun,Virginia,20618,134,183,2,0.9%,2439,457,39.09069908,-77.63564793,2021-02-02 20:02 EDT
Chesterfield,Virginia,19449,155,206,2,1.1%,939,214,37.377559999999995,-77.50816999999998,2021-02-02 20:02 EDT
Henrico,Virginia,18784,160,345,1,1.8%,1119,124,37.5059,-77.3324,2021-02-02 20:02 EDT
Chesapeake,Virginia,15660,112,137,1,0.9%,446,29,36.6777309,-76.30222884,2021-02-02 20:02 EDT
Norfolk,Virginia,12960,54,142,0,1.1%,219,92,36.89279963,-76.26098429,2021-02-02 20:02 EDT
Richmond City,Virginia,12942,80,132,0,1.0%,4669,29,37.52950871,-77.47573291,2021-02-02 20:02 EDT
Arlington,Virginia,11806,37,203,2,1.7%,339,65,38.8905,-77.08629,2021-02-02 20:02 EDT
Newport News,Virginia,9895,57,97,0,1.0%,3919,79,37.08358,-76.48065,2021-02-02 20:02 EDT
Alexandria,Virginia,9528,46,104,0,1.1%,1119,38,38.81838615,-77.08622964,2021-02-02 20:02 EDT
Stafford,Virginia,8058,53,50,2,0.6%,559,69,38.42346,-77.40816,2021-02-02 20:02 EDT
Hampton,Virginia,7297,66,66,0,0.9%,3069,93,37.05541625,-76.36283063,2021-02-02 20:02 EDT
Spotsylvania,Virginia,7282,36,83,1,1.1%,1819,62,38.20174,-77.58855,2021-02-02 20:02 EDT
Roanoke City,Virginia,6985,36,124,5,1.8%,42039,26,37.27828619,-79.95801417,2021-02-02 20:02 EDT
Portsmouth,Virginia,6623,43,97,0,1.5%,959,54,36.84915825,-76.35371775,2021-02-02 20:02 EDT
Roanoke,Virginia,6570,38,78,0,1.2%,45819,60,37.20889549,-80.05082,2021-02-02 20:02 EDT
Montgomery,Virginia,6382,35,65,1,1.0%,42189,68,37.1741967,-80.3871977,2021-02-02 20:02 EDT
Lynchburg,Virginia,6221,11,75,4,1.2%,3339,83,37.40040903,-79.19097922,2021-02-02 20:02 EDT
Frederick,Virginia,6061,38,45,0,0.7%,2399,78,39.20458728,-78.26259239,2021-02-02 20:02 EDT
Suffolk,Virginia,5952,87,113,1,1.9%,41759,98,36.69769814,-76.63778097,2021-02-02 20:02 EDT
Hanover,Virginia,5905,34,101,0,1.7%,1139,15,37.768809999999995,-77.37109,2021-02-02 20:02 EDT
Rockingham,Virginia,5585,20,74,0,1.3%,3899,85,38.51222637,-78.87590319,2021-02-02 20:02 EDT
Harrisonburg,Virginia,5357,25,62,1,1.2%,42529,54,38.45163,-78.8697,2021-02-02 20:02 EDT
Bedford,Virginia,5213,9,39,0,0.7%,2519,98,37.315168799999995,-79.52419629,2021-02-02 20:02 EDT
Augusta,Virginia,4792,19,48,0,1.0%,4289,39,38.16445125,-79.13389606,2021-02-02 20:02 EDT
Pittsylvania,Virginia,4158,5,46,0,1.1%,2459,6,36.82136769,-79.39711043,2021-02-02 20:02 EDT
Washington,Virginia,4071,5,81,0,2.0%,3199,24,36.72428641,-81.96018363,2021-02-02 20:02 EDT
Albemarle,Virginia,3958,12,35,0,0.9%,41049,1,38.02284365,-78.55658355,2021-02-02 20:02 EDT
Culpeper,Virginia,3772,16,34,0,0.9%,1339,17,38.48605844,-77.95596055,2021-02-02 20:02 EDT
Henry,Virginia,3763,9,75,0,2.0%,119,85,36.68469446,-79.981205,2021-02-02 20:02 EDT
Manassas City,Virginia,3737,12,33,0,0.9%,41639,50,38.74791903,-77.48363722,2021-02-02 20:02 EDT
Danville,Virginia,3681,17,66,0,1.8%,4989,69,36.58323629,-79.40861161,2021-02-02 20:02 EDT
Campbell,Virginia,3561,16,31,0,0.9%,2979,85,37.20558363,-79.09640666,2021-02-02 20:02 EDT
Fauquier,Virginia,3513,20,33,0,0.9%,539,80,38.73852654,-77.80916803,2021-02-02 20:02 EDT
James City,Virginia,3501,15,40,1,1.1%,4539,39,37.31327387,-76.77335259,2021-02-02 20:02 EDT
Shenandoah,Virginia,3430,13,94,0,2.7%,3029,1,38.85840741,-78.57045450000003,2021-02-02 20:02 EDT
Franklin,Virginia,3379,19,35,1,1.0%,1569,73,36.9919569,-79.88091432,2021-02-02 20:02 EDT
Tazewell,Virginia,2982,15,34,1,1.1%,1229,3,37.12499384,-81.5606122,2021-02-02 20:02 EDT
Charlottesville,Virginia,2750,7,39,0,1.4%,41589,8,38.03731327,-78.48702109,2021-02-02 20:02 EDT
Petersburg,Virginia,2676,25,37,0,1.4%,659,44,37.20439215,-77.39164415,2021-02-02 20:02 EDT
Wise,Virginia,2662,0,84,0,3.2%,309,6,36.9751375,-82.62122028,2021-02-02 20:02 EDT
York,Virginia,2574,15,16,0,0.6%,4069,77,37.24188617,-76.55913612,2021-02-02 20:02 EDT
Prince George,Virginia,2566,11,10,0,0.4%,3239,53,37.220859999999995,-77.28673,2021-02-02 20:02 EDT
Amherst,Virginia,2409,8,11,0,0.5%,4689,25,37.60480918,-79.14511364,2021-02-02 20:02 EDT
Smyth,Virginia,2409,0,76,0,3.2%,259,9,36.84389579,-81.53705046,2021-02-02 20:02 EDT
Accomack,Virginia,2388,23,32,1,1.3%,149,8,37.76287263,-75.65193639,2021-02-02 20:02 EDT
Winchester,Virginia,2306,5,20,0,0.9%,7249,1,39.17339910000001,-78.17468016,2021-02-02 20:02 EDT
Isle of Wight,Virginia,2235,32,38,0,1.7%,4389,65,36.90815,-76.70794000000002,2021-02-02 20:02 EDT
Staunton,Virginia,2225,9,52,0,2.3%,2789,5,38.15928507,-79.06080326,2021-02-02 20:02 EDT
Pulaski,Virginia,2179,2,45,0,2.1%,5229,5,37.06353636,-80.71403809,2021-02-02 20:02 EDT
Lee,Virginia,2156,7,37,0,1.7%,4419,1,36.70537247,-83.12849892,2021-02-02 20:02 EDT
Warren,Virginia,2025,12,39,2,1.9%,41459,58,38.90869184,-78.20742624,2021-02-02 20:02 EDT
Halifax,Virginia,2023,18,53,1,2.6%,454,37,36.76698983,-78.93652088,2021-02-02 20:02 EDT
Carroll,Virginia,1984,5,57,0,2.9%,3389,9,36.73156762,-80.73396,2021-02-02 20:02 EDT
Russell,Virginia,1912,1,23,1,1.2%,5289,7,36.93371509,-82.09564940000001,2021-02-02 20:02 EDT
Botetourt,Virginia,1891,12,21,0,1.1%,41349,10,37.55715182,-79.81229351,2021-02-02 20:02 EDT
Waynesboro,Virginia,1887,11,25,0,1.3%,41039,18,38.06730293,-78.90125161,2021-02-02 20:02 EDT
Buckingham,Virginia,1871,5,19,2,1.0%,3239,0,37.57189062,-78.52877981,2021-02-02 20:02 EDT
Wythe,Virginia,1808,1,36,0,2.0%,5139,8,36.91714461,-81.07860871,2021-02-02 20:02 EDT
Radford,Virginia,1802,2,9,0,0.5%,3119,1,37.12143043,-80.56331233,2021-02-02 20:02 EDT
Mecklenburg,Virginia,1798,6,46,0,2.6%,389,2,36.68677701,-78.3594444,2021-02-02 20:02 EDT
Hopewell,Virginia,1781,18,17,0,1.0%,4419,4,37.29182512,-77.29848762,2021-02-02 20:02 EDT
Salem,Virginia,1752,0,33,0,1.9%,410369,14,37.28619197,-80.05506639,2021-02-02 20:02 EDT
Prince Edward,Virginia,1741,7,20,0,1.1%,42899,65,37.22429738,-78.44105653,2021-02-02 20:02 EDT
Southampton,Virginia,1724,7,46,0,2.7%,4489,6,36.72029322,-77.10584416,2021-02-02 20:02 EDT
Page,Virginia,1670,10,40,0,2.4%,487,38,38.6200573,-78.48426932,2021-02-02 20:02 EDT
Nottoway,Virginia,1657,5,27,0,1.6%,5829,1,37.14307695,-78.05121612,2021-02-02 20:02 EDT
Caroline,Virginia,1607,18,14,1,0.9%,89,18,38.02676758,-77.34725811,2021-02-02 20:02 EDT
Fredericksburg,Virginia,1566,31,14,0,0.9%,1189,20,38.26484995,-77.42732004,2021-02-02 20:02 EDT
Orange,Virginia,1544,14,18,0,1.2%,2459,3,38.24621838,-78.01367978,2021-02-02 20:02 EDT
Gloucester,Virginia,1536,21,27,0,1.8%,4459,40,37.41114259,-76.53781434,2021-02-02 20:02 EDT
Louisa,Virginia,1535,6,12,0,0.8%,9,18,37.9781295,-77.96296193,2021-02-02 20:02 EDT
Dinwiddie,Virginia,1510,18,18,0,1.2%,1949,4,37.07590078,-77.63222890000002,2021-02-02 20:02 EDT
Scott,Virginia,1507,5,44,0,2.9%,3289,1,36.71416459,-82.60295752,2021-02-02 20:02 EDT
Martinsville,Virginia,1386,9,36,0,2.6%,42789,9,36.68266194,-79.86358562,2021-02-02 20:02 EDT
Powhatan,Virginia,1346,8,7,0,0.5%,4509,11,37.55056893,-77.91494658,2021-02-02 20:02 EDT
Greensville,Virginia,1324,12,18,0,1.4%,1969,2,36.67576932,-77.55960212,2021-02-02 20:02 EDT
Appomattox,Virginia,1256,7,8,0,0.6%,2329,3,37.372364399999995,-78.81223123,2021-02-02 20:02 EDT
Richmond,Virginia,1248,16,7,0,0.6%,5769,5,37.93696035,-76.72960686,2021-02-02 20:02 EDT
King George,Virginia,1239,7,11,0,0.9%,417,17,38.26802,-77.18348,2021-02-02 20:02 EDT
Bristol,Virginia,1185,0,24,0,2.0%,1949,5,36.61291695,-82.16590979,2021-02-02 20:02 EDT
Buchanan,Virginia,1171,9,32,0,2.7%,427439,31,37.26665894,-82.03604347,2021-02-02 20:02 EDT
Fluvanna,Virginia,1164,6,13,0,1.1%,44529,0,37.84178343,-78.27782392,2021-02-02 20:02 EDT
Alleghany,Virginia,1136,13,31,0,2.7%,4169,5,37.78772702,-80.00671168,2021-02-02 20:02 EDT
Brunswick,Virginia,1095,1,9,0,0.8%,7589,1,36.76470744,-77.85898607,2021-02-02 20:02 EDT
Rockbridge,Virginia,1076,2,29,0,2.7%,4079,4,37.81456911,-79.44756207,2021-02-02 20:02 EDT
Colonial Heights,Virginia,1074,18,31,0,2.9%,4212,7,37.25407,-77.41114,2021-02-02 20:02 EDT
Manassas Park,Virginia,1073,3,8,0,0.7%,4769,1,38.766729999999995,-77.44173,2021-02-02 20:02 EDT
New Kent,Virginia,1073,8,7,0,0.7%,3719,6,37.51805,-76.97829,2021-02-02 20:02 EDT
Patrick,Virginia,1069,3,29,0,2.7%,4159,9,36.67841005,-80.28416958,2021-02-02 20:02 EDT
Goochland,Virginia,1050,7,8,0,0.8%,2399,0,37.72201887,-77.91622239,2021-02-02 20:02 EDT
Grayson,Virginia,1041,3,26,0,2.5%,6739,7,36.65660633,-81.22501876,2021-02-02 20:02 EDT
Westmoreland,Virginia,1024,5,16,0,1.6%,2169,8,38.11145983,-76.80137836,2021-02-02 20:02 EDT
Sussex,Virginia,996,0,16,0,1.6%,4469,8,36.9216114,-77.26189903,2021-02-02 20:02 EDT
Galax,Virginia,958,0,39,0,4.1%,5569,0,36.66610611,-80.91725695,2021-02-02 20:02 EDT
Giles,Virginia,942,1,7,0,0.7%,4679,8,37.31404152,-80.70365054,2021-02-02 20:02 EDT
Franklin City,Virginia,867,2,21,0,2.4%,1739,3,38.00739,-75.38297,2021-02-02 20:02 EDT
Greene,Virginia,857,2,5,0,0.6%,2719,1,38.29788742,-78.46686026,2021-02-02 20:02 EDT
Dickenson,Virginia,823,2,14,0,1.7%,5389,2,37.12563942,-82.35024659999998,2021-02-02 20:02 EDT
Lexington,Virginia,818,6,18,0,2.2%,3049,2,33.90171151,-81.54098339,2021-02-02 20:02 EDT
Buena Vista City,Virginia,748,0,12,0,1.6%,949,8,37.73149733,-79.35661012,2021-02-02 20:02 EDT
King William,Virginia,727,5,6,1,0.8%,4419,1,37.6871,-77.0158,2021-02-02 20:02 EDT
Floyd,Virginia,684,2,18,0,2.6%,509,7,36.93152057,-80.36251257,2021-02-02 20:02 EDT
Clarke,Virginia,681,4,9,0,1.3%,4449,0,39.11226571,-77.99664284,2021-02-02 20:02 EDT
Amelia,Virginia,653,7,11,1,1.7%,4139,7,37.33608741,-77.97632194,2021-02-02 20:02 EDT
Nelson,Virginia,651,4,6,0,0.9%,2939,3,37.78741142,-78.88659756,2021-02-02 20:02 EDT
Northampton,Virginia,642,5,33,0,5.1%,839,3,37.3517109,-75.90334959,2021-02-02 20:02 EDT
Charlotte,Virginia,636,3,11,1,1.7%,2429,7,37.01172681,-78.66161432,2021-02-02 20:02 EDT
Poquoson,Virginia,617,5,8,0,1.3%,3169,2,37.13031586,-76.35697963,2021-02-02 20:02 EDT
Bland,Virginia,603,0,9,0,1.5%,417,0,37.13409432,-81.13021167,2021-02-02 20:02 EDT
Northumberland,Virginia,592,4,13,0,2.2%,43339,6,37.88860203,-76.42022604,2021-02-02 20:02 EDT
Lunenburg,Virginia,575,4,5,0,0.9%,4799,5,36.94621271,-78.24053520000002,2021-02-02 20:02 EDT
Lancaster,Virginia,570,2,4,0,0.7%,1929,2,37.72014318,-76.46744581,2021-02-02 20:02 EDT
Emporia,Virginia,569,5,32,0,5.6%,5149,8,36.69523922,-77.53591224,2021-02-02 20:02 EDT
Covington,Virginia,566,0,4,0,0.7%,7249,0,37.77856067,-79.9868353,2021-02-02 20:02 EDT
Essex,Virginia,544,6,4,0,0.7%,4679,2,37.93904509,-76.94085033,2021-02-02 20:02 EDT
Madison,Virginia,483,2,6,0,1.2%,41549,5,32.6096,-90.01833,2021-02-02 20:02 EDT
Mathews,Virginia,449,7,6,0,1.3%,4296,5,37.43927322,-76.34544721,2021-02-02 20:02 EDT
Williamsburg,Virginia,446,0,9,0,2.0%,9239,0,37.26927,-76.70756,2021-02-02 20:02 EDT
Fairfax City,Virginia,434,5,12,0,2.8%,41439,2,38.85312126,-77.29974173,2021-02-02 20:02 EDT
Middlesex,Virginia,416,5,16,0,3.8%,4219,92,37.633455299999994,-76.55146282,2021-02-02 20:02 EDT
Charles City,Virginia,345,0,9,0,2.6%,199,7,37.34197,-77.0725,2021-02-02 20:02 EDT
Surry,Virginia,331,7,5,0,1.5%,539,8,37.11679729,-76.88839694,2021-02-02 20:02 EDT
Cumberland,Virginia,331,4,4,0,1.2%,4629,1,37.51246256,-78.24470613,2021-02-02 20:02 EDT
Falls Church,Virginia,296,5,7,0,2.4%,3339,0,38.885490000000004,-77.17362,2021-02-02 20:02 EDT
Rappahannock,Virginia,270,4,2,0,0.7%,4069,9,38.684548299999996,-78.15922291,2021-02-02 20:02 EDT
King and Queen,Virginia,255,0,3,0,1.2%,4219,1,37.71868342,-76.89533469,2021-02-02 20:02 EDT
Bath,Virginia,241,0,8,0,3.3%,8759,0,38.05862614,-79.74119791,2021-02-02 20:02 EDT
Norton,Virginia,234,0,3,0,1.3%,413339,0,36.9316325,-82.62591248,2021-02-02 20:02 EDT
Craig,Virginia,217,1,3,0,1.4%,5269,0,37.48130212,-80.21219016,2021-02-02 20:02 EDT
Highland,Virginia,84,1,0,0,0.0%,1259,0,38.36228288,-79.56855427,2021-02-02 20:02 EDT
St. Louis,Missouri,84001,359,1705,16,2.0%,1789,243,38.62775,-90.19955999999999,2021-02-02 20:02 EDT
Jackson,Missouri,35913,0,371,0,1.0%,0,0,39.00756985,-94.34626921,2021-02-02 20:02 EDT
St. Charles,Missouri,34154,52,375,13,1.1%,4559,68,38.78394,-90.48123000000001,2021-02-02 20:02 EDT
Greene,Missouri,26240,113,388,7,1.5%,2399,15,37.25804025,-93.34201853,2021-02-02 20:02 EDT
Jefferson,Missouri,20773,108,181,11,0.9%,3349,68,38.26103331,-90.53892609,2021-02-02 20:02 EDT
St. Louis City,Missouri,19044,41,351,0,1.8%,4979,4,38.63399182,-90.24789799,2021-02-02 20:02 EDT
Boone,Missouri,16648,28,70,1,0.4%,2919,89,38.99174396,-92.30916735,2021-02-02 20:02 EDT
Jasper,Missouri,14079,85,242,0,1.7%,1769,84,37.20354968,-94.34062684,2021-02-02 20:02 EDT
Clay,Missouri,13490,0,174,0,1.3%,0,0,39.31143034,-94.42095583,2021-02-02 20:02 EDT
Franklin,Missouri,8573,22,138,7,1.6%,129,19,38.40999612,-91.07500135,2021-02-02 20:02 EDT
Cole,Missouri,8389,21,107,3,1.3%,42049,18,38.50476968,-92.28023836,2021-02-02 20:02 EDT
St. Francois,Missouri,7395,19,92,9,1.2%,497,13,37.85644,-90.51874000000001,2021-02-02 20:02 EDT
Cape Girardeau,Missouri,7260,14,132,0,1.8%,41529,21,37.30271,-89.54453000000002,2021-02-02 20:02 EDT
Buchanan,Missouri,6938,39,156,2,2.2%,4529,0,39.65981982,-94.80611983,2021-02-02 20:02 EDT
Cass,Missouri,6909,22,72,3,1.0%,2819,82,38.64693149,-94.35479308,2021-02-02 20:02 EDT
Christian,Missouri,6663,0,63,0,0.9%,4639,1,36.9695461,-93.18880105,2021-02-02 20:02 EDT
Pulaski,Missouri,5951,0,42,0,0.7%,0,0,37.82463199,-92.20758495,2021-02-02 20:02 EDT
Newton,Missouri,4970,27,73,0,1.5%,4519,9,36.90549482,-94.33922289,2021-02-02 20:02 EDT
Pettis,Missouri,4773,41,72,2,1.5%,4789,5,38.7282597,-93.28514906,2021-02-02 20:02 EDT
Platte,Missouri,4635,0,68,0,1.5%,0,0,39.38100722,-94.77295358,2021-02-02 20:02 EDT
Taney,Missouri,4427,7,73,5,1.6%,9,4,36.65710356,-93.03868137,2021-02-02 20:02 EDT
Lincoln,Missouri,4407,37,51,0,1.2%,6789,19,39.05751137,-90.96353405,2021-02-02 20:02 EDT
Callaway,Missouri,4323,31,38,0,0.9%,4472,6,38.83660134,-91.92592085,2021-02-02 20:02 EDT
Johnson,Missouri,4309,90,38,3,0.9%,4089,0,38.74411916,-93.80647438,2021-02-02 20:02 EDT
Butler,Missouri,4114,21,41,0,1.0%,2879,2,36.71637586,-90.40652851,2021-02-02 20:02 EDT
Scott,Missouri,3777,30,75,0,2.0%,4759,9,37.05225371,-89.57011805,2021-02-02 20:02 EDT
Camden,Missouri,3633,14,75,1,2.1%,1089,8,38.01889749,-92.76522366,2021-02-02 20:02 EDT
Dunklin,Missouri,3175,0,26,0,0.8%,4379,2,36.10584897,-90.16563000000001,2021-02-02 20:02 EDT
Stoddard,Missouri,2985,10,61,0,2.0%,41509,0,36.85566181,-89.94427762,2021-02-02 20:02 EDT
Webster,Missouri,2935,5,46,0,1.6%,2169,8,37.28087084,-92.87586808,2021-02-02 20:02 EDT
Phelps,Missouri,2891,2,114,7,3.9%,409,0,37.87704276,-91.79228997,2021-02-02 20:02 EDT
Barry,Missouri,2845,0,48,0,1.7%,459,5,36.71180286,-93.83137357,2021-02-02 20:02 EDT
Laclede,Missouri,2838,8,60,2,2.1%,1189,5,37.65836081,-92.59040174,2021-02-02 20:02 EDT
Howell,Missouri,2739,0,41,0,1.5%,4139,7,36.77393706,-91.88647479,2021-02-02 20:02 EDT
Saline,Missouri,2681,6,53,0,2.0%,4109,8,39.13541661,-93.20286967,2021-02-02 20:02 EDT
Lawrence,Missouri,2653,7,63,1,2.4%,2549,4,37.1063465,-93.83295897,2021-02-02 20:02 EDT
Marion,Missouri,2589,3,39,3,1.5%,5929,0,39.8057205,-91.62531627,2021-02-02 20:02 EDT
Nodaway,Missouri,2521,0,23,1,0.9%,167,0,40.36068115,-94.88354129,2021-02-02 20:02 EDT
Warren,Missouri,2494,0,21,0,0.8%,289,0,38.76564898,-91.16045057,2021-02-02 20:02 EDT
Lafayette,Missouri,2424,12,48,1,2.0%,759,2,39.06433925,-93.78592459999999,2021-02-02 20:02 EDT
McDonald,Missouri,2379,4,30,0,1.3%,5699,8,36.62867938,-94.34835779,2021-02-02 20:02 EDT
Miller,Missouri,2283,0,45,0,2.0%,5239,1,38.21460245,-92.4271172,2021-02-02 20:02 EDT
Adair,Missouri,2169,17,20,5,0.9%,3379,1,40.19053141,-92.60074473,2021-02-02 20:02 EDT
Perry,Missouri,2077,0,32,0,1.5%,529,2,37.70682751,-89.82805974,2021-02-02 20:02 EDT
Polk,Missouri,2077,5,26,1,1.3%,4959,9,37.61676547,-93.39968554,2021-02-02 20:02 EDT
Washington,Missouri,2073,0,42,1,2.0%,447,6,37.96162968,-90.87737381,2021-02-02 20:02 EDT
Audrain,Missouri,2018,1,50,0,2.5%,6949,5,39.21572746,-91.8416314,2021-02-02 20:02 EDT
New Madrid,Missouri,2003,0,43,2,2.1%,459,1,36.595859999999995,-89.52826999999998,2021-02-02 20:02 EDT
Crawford,Missouri,1996,2,28,4,1.4%,2229,5,37.97633109,-91.30394175,2021-02-02 20:02 EDT
Stone,Missouri,1946,3,33,1,1.7%,46229,0,36.76003102,-93.45679817,2021-02-02 20:02 EDT
Andrew,Missouri,1928,8,19,0,1.0%,279,7,39.98437441,-94.80275538,2021-02-02 20:02 EDT
Moniteau,Missouri,1865,3,28,0,1.5%,5369,3,38.63179951,-92.58379571,2021-02-02 20:02 EDT
Randolph,Missouri,1793,3,27,3,1.5%,3899,1,39.44013208,-92.49703739,2021-02-02 20:02 EDT
Ste. Genevieve,Missouri,1669,0,16,0,1.0%,8069,0,37.97854,-90.04745,2021-02-02 20:02 EDT
Henry,Missouri,1657,0,30,2,1.8%,4299,6,38.38842154,-93.79668046,2021-02-02 20:02 EDT
Cooper,Missouri,1649,0,21,0,1.3%,44719,5,38.84261631,-92.81066394,2021-02-02 20:02 EDT
Morgan,Missouri,1597,3,36,0,2.3%,2359,3,38.4282349,-92.88718929999999,2021-02-02 20:02 EDT
Pemiscot,Missouri,1581,0,33,0,2.1%,2149,1,36.21254858,-89.79254787,2021-02-02 20:02 EDT
Mississippi,Missouri,1576,0,28,0,1.8%,3759,5,36.82779814,-89.29433236,2021-02-02 20:02 EDT
Texas,Missouri,1514,12,21,0,1.4%,47869,5,37.31722129,-91.96499914,2021-02-02 20:02 EDT
Clinton,Missouri,1478,4,63,0,4.3%,4599,0,39.60170055,-94.40456798,2021-02-02 20:02 EDT
Pike,Missouri,1455,2,20,3,1.4%,679,8,39.34291081,-91.17437823,2021-02-02 20:02 EDT
Ray,Missouri,1416,7,20,1,1.4%,3679,8,39.35314902,-93.98982478,2021-02-02 20:02 EDT
Benton,Missouri,1393,1,23,3,1.7%,429,3,38.29895086,-93.28143963,2021-02-02 20:02 EDT
Osage,Missouri,1368,7,12,2,0.9%,629,0,38.45896978,-91.86134875,2021-02-02 20:02 EDT
Vernon,Missouri,1334,4,33,1,2.5%,4699,7,37.85058499,-94.34244597,2021-02-02 20:02 EDT
Madison,Missouri,1333,2,15,2,1.1%,2619,7,37.47807387,-90.34492735,2021-02-02 20:02 EDT
Wright,Missouri,1331,0,26,2,2.0%,41489,1,37.27018192,-92.46860604,2021-02-02 20:02 EDT
Livingston,Missouri,1275,0,32,0,2.5%,1369,8,39.78209871,-93.54828689,2021-02-02 20:02 EDT
Macon,Missouri,1169,2,12,2,1.0%,589,9,39.83074866,-92.56455136,2021-02-02 20:02 EDT
Bollinger,Missouri,1163,2,16,0,1.4%,109,0,37.32215025,-90.02588485,2021-02-02 20:02 EDT
Bates,Missouri,1042,5,19,3,1.8%,159,4,38.25726569,-94.34004207,2021-02-02 20:02 EDT
Barton,Missouri,922,2,10,0,1.1%,59,9,37.502295761000035,-94.34709217499994,2021-02-02 20:02 EDT
DeKalb,Missouri,905,3,24,0,2.7%,1259,1,39.8931984,-94.40467259,2021-02-02 20:02 EDT
Gasconade,Missouri,846,3,33,0,3.9%,89,3,38.43913561,-91.50797646,2021-02-02 20:02 EDT
Dent,Missouri,804,1,14,3,1.7%,599,6,37.606592410000076,-91.507809244,2021-02-02 20:02 EDT
Harrison,Missouri,803,2,13,1,1.6%,2119,0,40.35468627,-93.99206001,2021-02-02 20:02 EDT
Grundy,Missouri,803,1,31,1,3.9%,3129,1,40.11403232200007,-93.56531237099995,2021-02-02 20:02 EDT
Carroll,Missouri,798,2,21,3,2.6%,2869,5,39.42786285,-93.50581867,2021-02-02 20:02 EDT
Ripley,Missouri,793,1,10,0,1.3%,4919,4,36.65276542,-90.86389238,2021-02-02 20:02 EDT
Dallas,Missouri,793,0,22,2,2.8%,9,8,37.68045204,-93.02361083,2021-02-02 20:02 EDT
Wayne,Missouri,792,2,9,0,1.1%,5229,1,37.112556303000076,-90.461437872,2021-02-02 20:02 EDT
Douglas,Missouri,749,2,23,0,3.1%,4559,2,36.932586110000045,-92.49877096599995,2021-02-02 20:02 EDT
Ralls,Missouri,740,1,12,2,1.6%,5339,0,39.527119,-91.52336509,2021-02-02 20:02 EDT
Sullivan,Missouri,740,0,13,0,1.8%,7279,0,40.21064099,-93.11154516,2021-02-02 20:02 EDT
Gentry,Missouri,719,2,19,0,2.6%,4359,3,40.21211589,-94.40991936,2021-02-02 20:02 EDT
Howard,Missouri,694,0,4,0,0.6%,5389,0,39.14298814,-92.69514505,2021-02-02 20:02 EDT
Oregon,Missouri,660,0,3,0,0.5%,409,0,36.68670321,-91.40323338,2021-02-02 20:02 EDT
Cedar,Missouri,648,2,10,1,1.5%,1059,7,37.72840048,-93.86174568,2021-02-02 20:02 EDT
Lewis,Missouri,621,0,3,0,0.5%,609,0,40.09700182,-91.72388197,2021-02-02 20:02 EDT
Caldwell,Missouri,619,0,10,2,1.6%,4629,0,39.65575126,-93.98283266,2021-02-02 20:02 EDT
Monroe,Missouri,580,0,8,1,1.4%,209,0,39.49543903800003,-92.00070851899994,2021-02-02 20:02 EDT
Daviess,Missouri,574,0,11,1,1.9%,1009,0,39.96075947,-93.98534438,2021-02-02 20:02 EDT
St. Clair,Missouri,564,2,7,1,1.2%,442,5,38.34533,-90.98097,2021-02-02 20:02 EDT
Montgomery,Missouri,550,0,10,0,1.8%,3339,0,38.94156383,-91.46999526,2021-02-02 20:02 EDT
Linn,Missouri,526,0,11,0,2.1%,7279,0,39.87019332,-93.10718178,2021-02-02 20:02 EDT
Maries,Missouri,522,0,7,0,1.3%,2739,0,38.16170756,-91.92481651,2021-02-02 20:02 EDT
Ozark,Missouri,519,0,10,0,1.9%,7869,0,36.65033796100005,-92.44270854699994,2021-02-02 20:02 EDT
Holt,Missouri,495,0,15,0,3.0%,6119,0,40.09378705,-95.2160287,2021-02-02 20:02 EDT
Shannon,Missouri,464,1,10,0,2.2%,43009,2,37.15740008400007,-91.400500326,2021-02-02 20:02 EDT
Iron,Missouri,461,0,3,2,0.7%,9,0,37.50417676,-90.68981,2021-02-02 20:02 EDT
Hickory,Missouri,461,2,11,1,2.4%,41509,0,37.940619584000046,-93.32071223399998,2021-02-02 20:02 EDT
Clark,Missouri,443,0,6,0,1.4%,2319,0,40.41074341,-91.73958967,2021-02-02 20:02 EDT
Carter,Missouri,410,1,8,0,2.0%,3339,0,36.94122037,-90.96236915,2021-02-02 20:02 EDT
Dade,Missouri,410,0,13,1,3.2%,759,0,37.42924915400005,-93.85307015999996,2021-02-02 20:02 EDT
Chariton,Missouri,404,0,3,0,0.7%,7899,0,39.51564242,-92.96253558,2021-02-02 20:02 EDT
Shelby,Missouri,347,0,6,1,1.7%,4559,0,39.79773799,-92.0765868,2021-02-02 20:02 EDT
Atchison,Missouri,289,0,6,0,2.1%,41009,0,40.43209359,-95.43110223,2021-02-02 20:02 EDT
Schuyler,Missouri,262,0,1,0,0.4%,5629,0,40.47026462600007,-92.52091267199995,2021-02-02 20:02 EDT
Reynolds,Missouri,257,0,3,0,1.2%,6679,0,37.36227311,-90.96906705,2021-02-02 20:02 EDT
Scotland,Missouri,240,0,3,0,1.2%,41009,0,40.45257261,-92.14698481,2021-02-02 20:02 EDT
Putnam,Missouri,219,0,2,0,0.9%,5719,0,40.47887551400004,-93.01610492299992,2021-02-02 20:02 EDT
Knox,Missouri,173,0,2,0,1.2%,209,0,40.12821639400005,-92.14806604499996,2021-02-02 20:02 EDT
Mercer,Missouri,164,1,2,0,1.2%,4667,0,40.42234219400007,-93.56851137899996,2021-02-02 20:02 EDT
Worth,Missouri,137,0,1,0,0.7%,759,0,40.47915841,-94.42205693,2021-02-02 20:02 EDT
Hennepin,Minnesota,96097,134,1533,3,1.6%,1349,390,45.00575776,-93.4749321,2021-02-02 20:02 EDT
Ramsey,Minnesota,41332,50,767,2,1.9%,2129,80,45.01812241,-93.09961678,2021-02-02 20:02 EDT
Dakota,Minnesota,34288,56,365,1,1.1%,139,4,44.67098069,-93.06667775,2021-02-02 20:02 EDT
Anoka,Minnesota,31867,49,372,0,1.2%,189,30,45.19833,-93.38996999999999,2021-02-02 20:02 EDT
Washington,Minnesota,20982,32,242,0,1.2%,2339,55,45.04110113,-92.88337857,2021-02-02 20:02 EDT
Stearns,Minnesota,18272,12,193,0,1.1%,4929,35,45.55209682,-94.61375674,2021-02-02 20:02 EDT
St. Louis,Minnesota,14246,13,254,0,1.8%,3749,14,47.5864718,-92.4657678,2021-02-02 20:02 EDT
Scott,Minnesota,12483,30,103,0,0.8%,2019,35,44.648511,-93.535747,2021-02-02 20:02 EDT
Wright,Minnesota,11992,33,108,0,0.9%,2589,61,45.17344199,-93.9635579,2021-02-02 20:02 EDT
Olmsted,Minnesota,11133,24,78,0,0.7%,2329,87,44.00379942,-92.40181819,2021-02-02 20:02 EDT
Sherburne,Minnesota,8415,8,71,0,0.8%,949,6,45.44447863,-93.77402203,2021-02-02 20:02 EDT
Carver,Minnesota,7172,7,39,0,0.5%,189,11,44.76325,-93.62524,2021-02-02 20:02 EDT
Clay,Minnesota,6669,2,84,0,1.3%,3099,6,46.89234789,-96.49073784,2021-02-02 20:02 EDT
Rice,Minnesota,6415,7,78,0,1.2%,1549,59,44.35426198,-93.29671495,2021-02-02 20:02 EDT
Kandiyohi,Minnesota,5642,3,73,0,1.3%,4639,1,45.15238376,-95.00476002,2021-02-02 20:02 EDT
Blue Earth,Minnesota,5568,12,33,0,0.6%,1639,2,43.64155,-94.09094,2021-02-02 20:02 EDT
Crow Wing,Minnesota,4964,6,79,0,1.6%,3699,3,46.280359999999995,-94.29267,2021-02-02 20:02 EDT
Chisago,Minnesota,4689,2,39,1,0.8%,229,1,45.50246049,-92.9083447,2021-02-02 20:02 EDT
Otter Tail,Minnesota,4679,0,69,0,1.5%,6999,5,46.426520000000004,-95.55611999999999,2021-02-02 20:02 EDT
Benton,Minnesota,4304,10,88,0,2.0%,44529,1,45.7211,-93.9733,2021-02-02 20:02 EDT
Winona,Minnesota,4021,5,48,0,1.2%,4839,5,43.98562187,-91.78299717,2021-02-02 20:02 EDT
Mower,Minnesota,3843,9,29,0,0.8%,4439,6,43.67148239,-92.75250118,2021-02-02 20:02 EDT
Douglas,Minnesota,3828,2,66,0,1.7%,5979,5,45.93373267,-95.45354178,2021-02-02 20:02 EDT
Nobles,Minnesota,3769,2,47,0,1.2%,4759,1,43.67424425,-95.75337066,2021-02-02 20:02 EDT
Goodhue,Minnesota,3679,7,64,0,1.7%,2149,8,44.40754542,-92.72853222,2021-02-02 20:02 EDT
Polk,Minnesota,3335,1,60,0,1.8%,4227,7,47.7738731,-96.40188299,2021-02-02 20:02 EDT
McLeod,Minnesota,3314,3,48,0,1.4%,3069,5,44.8235283,-94.27243491,2021-02-02 20:02 EDT
Beltrami,Minnesota,3217,6,48,0,1.5%,199,1,47.64611698,-95.00855,2021-02-02 20:02 EDT
Morrison,Minnesota,3163,4,45,0,1.4%,5169,5,46.01268963,-94.26781274,2021-02-02 20:02 EDT
Lyon,Minnesota,3075,1,41,0,1.3%,7079,2,44.41347904,-95.83894024,2021-02-02 20:02 EDT
Becker,Minnesota,2930,0,40,0,1.4%,4129,0,46.93459805,-95.67391408,2021-02-02 20:02 EDT
Itasca,Minnesota,2922,6,44,0,1.5%,4209,2,47.51013845,-93.62439686,2021-02-02 20:02 EDT
Isanti,Minnesota,2918,4,44,0,1.5%,44329,3,45.56150208,-93.29521685,2021-02-02 20:02 EDT
Carlton,Minnesota,2903,3,43,0,1.5%,199,1,46.59234266,-92.67702506,2021-02-02 20:02 EDT
Steele,Minnesota,2859,3,10,0,0.3%,4689,3,44.02233338,-93.22607615,2021-02-02 20:02 EDT
Pine,Minnesota,2733,0,15,0,0.5%,399,5,46.12067236,-92.74121902,2021-02-02 20:02 EDT
Freeborn,Minnesota,2626,4,23,0,0.9%,1989,7,43.67384267,-93.34885323,2021-02-02 20:02 EDT
Todd,Minnesota,2352,1,30,0,1.3%,259,5,46.07066321,-94.89751779,2021-02-02 20:02 EDT
Nicollet,Minnesota,2347,10,40,0,1.7%,3979,8,44.34967975,-94.24686405,2021-02-02 20:02 EDT
Brown,Minnesota,2242,7,35,0,1.6%,42759,1,44.24218495,-94.72736463,2021-02-02 20:02 EDT
Le Sueur,Minnesota,2197,6,16,0,0.7%,69,7,44.46233,-93.91471,2021-02-02 20:02 EDT
Mille Lacs,Minnesota,2183,4,46,0,2.1%,41589,92,45.8942238,-93.63046485,2021-02-02 20:02 EDT
Cass,Minnesota,2121,0,24,0,1.1%,6769,1,46.91966317,-94.32074573,2021-02-02 20:02 EDT
Meeker,Minnesota,2029,1,33,0,1.6%,409,2,45.12310958,-94.52734424,2021-02-02 20:02 EDT
Waseca,Minnesota,1971,0,16,0,0.8%,3049,2,44.07804,-93.50742,2021-02-02 20:02 EDT
Wabasha,Minnesota,1790,3,3,0,0.2%,9,1,44.28199405,-92.23778005,2021-02-02 20:02 EDT
Martin,Minnesota,1746,3,26,0,1.5%,4199,5,43.67434914,-94.55104942,2021-02-02 20:02 EDT
Roseau,Minnesota,1669,0,17,0,1.0%,759,0,48.77509996,-95.81088231,2021-02-02 20:02 EDT
Hubbard,Minnesota,1544,0,38,0,2.5%,44299,0,47.10850212,-94.91675244,2021-02-02 20:02 EDT
Houston,Minnesota,1462,5,14,0,1.0%,199,1,43.67113995,-91.49575488,2021-02-02 20:02 EDT
Dodge,Minnesota,1436,1,4,0,0.3%,3529,5,44.02258432,-92.86207307,2021-02-02 20:02 EDT
Redwood,Minnesota,1431,2,27,0,1.9%,9,7,44.40359481,-95.25386595,2021-02-02 20:02 EDT
Renville,Minnesota,1405,2,40,0,2.8%,4509,8,44.78921,-95.21243,2021-02-02 20:02 EDT
Chippewa,Minnesota,1337,0,33,0,2.5%,8579,0,45.02234041,-95.56665894,2021-02-02 20:02 EDT
Fillmore,Minnesota,1310,1,8,0,0.6%,4379,7,43.67398646,-92.09015013,2021-02-02 20:02 EDT
Cottonwood,Minnesota,1305,2,19,1,1.5%,359,3,44.00710822,-95.18112853,2021-02-02 20:02 EDT
Wadena,Minnesota,1226,0,19,0,1.5%,411259,7,46.58569452,-94.96940787,2021-02-02 20:02 EDT
Rock,Minnesota,1130,0,12,0,1.1%,609,0,43.67463884,-96.25323586,2021-02-02 20:02 EDT
Aitkin,Minnesota,1130,0,33,0,2.9%,5629,4,46.62393934,-93.40275535,2021-02-02 20:02 EDT
Faribault,Minnesota,1128,2,16,0,1.4%,4329,5,43.67392029,-93.94800581,2021-02-02 20:02 EDT
Sibley,Minnesota,1113,0,7,0,0.6%,259,2,44.57947646,-94.23203439,2021-02-02 20:02 EDT
Watonwan,Minnesota,1084,0,8,0,0.7%,42509,4,43.978444399999994,-94.61405589,2021-02-02 20:02 EDT
Kanabec,Minnesota,1023,1,18,0,1.8%,439,92,45.94518906,-93.29345003,2021-02-02 20:02 EDT
Pennington,Minnesota,1017,0,16,0,1.6%,819,0,48.066233000000004,-96.03671078,2021-02-02 20:02 EDT
Pipestone,Minnesota,983,0,24,0,2.4%,7429,0,44.02300302,-96.25859151,2021-02-02 20:02 EDT
Yellow Medicine,Minnesota,956,1,17,0,1.8%,5389,0,44.71624785,-95.86836491,2021-02-02 20:02 EDT
Murray,Minnesota,928,0,8,0,0.9%,5319,5,44.02210737,-95.76323789,2021-02-02 20:02 EDT
Jackson,Minnesota,888,1,10,0,1.1%,3169,3,43.67413664,-95.15408224,2021-02-02 20:02 EDT
Swift,Minnesota,863,0,18,0,2.1%,42319,6,45.28269993,-95.68145092,2021-02-02 20:02 EDT
Pope,Minnesota,755,0,5,0,0.7%,309,0,45.58601151,-95.44452732,2021-02-02 20:02 EDT
Stevens,Minnesota,712,0,8,0,1.1%,167,0,45.58612483,-96.00024946,2021-02-02 20:02 EDT
Marshall,Minnesota,709,0,15,0,2.1%,41509,0,48.358111799999996,-96.36845579,2021-02-02 20:02 EDT
Clearwater,Minnesota,692,2,14,0,2.0%,43339,0,47.57774234,-95.37899874,2021-02-02 20:02 EDT
Lake,Minnesota,675,0,16,0,2.4%,6439,0,47.63953118,-91.44459243,2021-02-02 20:02 EDT
Lac qui Parle,Minnesota,665,0,16,0,2.4%,9,0,45.00006,-95.90956,2021-02-02 20:02 EDT
Wilkin,Minnesota,643,0,10,0,1.6%,209,0,46.35705911,-96.46833783,2021-02-02 20:02 EDT
Koochiching,Minnesota,612,0,11,0,1.8%,8579,0,48.24145786,-93.78999347,2021-02-02 20:02 EDT
Lincoln,Minnesota,495,0,2,0,0.4%,4299,0,44.4125741,-96.26705614,2021-02-02 20:02 EDT
Big Stone,Minnesota,473,2,3,0,0.6%,7699,0,45.42614474,-96.41096483,2021-02-02 20:02 EDT
Grant,Minnesota,452,2,8,0,1.8%,4309,3,45.93405217,-96.01220564,2021-02-02 20:02 EDT
Norman,Minnesota,429,0,8,0,1.9%,4509,0,47.32645739,-96.45526054,2021-02-02 20:02 EDT
Mahnomen,Minnesota,423,1,7,0,1.7%,1439,0,47.32523448,-95.80894858,2021-02-02 20:02 EDT
Kittson,Minnesota,385,0,21,0,5.5%,44509,1,48.776649400000004,-96.78315651,2021-02-02 20:02 EDT
Red Lake,Minnesota,323,0,4,0,1.2%,509,0,47.87658,-95.0148,2021-02-02 20:02 EDT
Traverse,Minnesota,284,1,4,0,1.4%,9,7,45.77226957,-96.47168088,2021-02-02 20:02 EDT
Lake of the Woods,Minnesota,204,0,1,0,0.5%,4259,0,48.66670702000005,-94.88594172899995,2021-02-02 20:02 EDT
Cook,Minnesota,117,0,0,0,0.0%,509,0,47.89973230400005,-90.53350376799996,2021-02-02 20:02 EDT
Jefferson,Alabama,67359,349,1164,36,1.7%,119,170,33.55427371,-86.89648912,2021-02-02 20:02 EDT
Mobile,Alabama,33311,152,627,16,1.9%,2619,173,30.78989019,-88.20635939,2021-02-02 20:02 EDT
Madison,Alabama,29906,125,306,19,1.0%,4139,310,34.76311801,-86.55018951,2021-02-02 20:02 EDT
Tuscaloosa,Alabama,22570,51,310,8,1.4%,19,67,33.21042,-87.56625,2021-02-02 20:02 EDT
Montgomery,Alabama,21058,92,383,13,1.8%,1859,38,32.2077,-86.1752,2021-02-02 20:02 EDT
Shelby,Alabama,20379,108,168,8,0.8%,1089,95,33.3039,-86.6611,2021-02-02 20:02 EDT
Baldwin,Alabama,18344,133,228,3,1.2%,1379,48,30.73589116,-87.72352514,2021-02-02 20:02 EDT
Lee,Alabama,13958,80,128,0,0.9%,2529,80,32.60103513,-85.35548613,2021-02-02 20:02 EDT
Morgan,Alabama,13048,23,188,13,1.4%,2699,7,34.45209661,-86.85149931,2021-02-02 20:02 EDT
Etowah,Alabama,12595,45,254,8,2.0%,429,99,34.04523267,-86.034746,2021-02-02 20:02 EDT
Calhoun,Alabama,12102,40,235,3,1.9%,41339,76,33.77138006,-85.82610844,2021-02-02 20:02 EDT
Marshall,Alabama,10827,38,160,8,1.5%,41349,14,34.3652,-86.3377,2021-02-02 20:02 EDT
Houston,Alabama,9536,37,210,1,2.2%,4559,39,31.15312713,-85.302639,2021-02-02 20:02 EDT
Limestone,Alabama,8753,47,107,1,1.2%,69,29,34.81489201,-86.97728456,2021-02-02 20:02 EDT
Elmore,Alabama,8687,47,134,0,1.5%,41229,4,32.5647,-86.1122,2021-02-02 20:02 EDT
Cullman,Alabama,8592,18,150,1,1.7%,1499,29,34.13191433,-86.86762995,2021-02-02 20:02 EDT
St. Clair,Alabama,8222,43,166,11,2.0%,289,7,33.653,-86.3377,2021-02-02 20:02 EDT
Lauderdale,Alabama,8216,25,160,4,1.9%,3529,30,34.90347866,-87.65938649,2021-02-02 20:02 EDT
DeKalb,Alabama,8160,21,143,6,1.8%,4239,25,34.45963164,-85.80422403,2021-02-02 20:02 EDT
Talladega,Alabama,6883,31,119,2,1.7%,4099,31,33.38013838,-86.16584527,2021-02-02 20:02 EDT
Jackson,Alabama,6254,3,73,3,1.2%,969,98,34.7841722,-85.99831592,2021-02-02 20:02 EDT
Walker,Alabama,6180,15,201,4,3.3%,1889,12,33.7422,-87.25376,2021-02-02 20:02 EDT
Colbert,Alabama,5769,24,106,2,1.8%,329,68,34.69862737,-87.80940937,2021-02-02 20:02 EDT
Blount,Alabama,5745,25,101,1,1.8%,4157,278,33.98085226,-86.56739123,2021-02-02 20:02 EDT
Autauga,Alabama,5723,40,70,1,1.2%,43299,83,32.53489266,-86.64270904,2021-02-02 20:02 EDT
Coffee,Alabama,4955,33,72,0,1.5%,4299,50,31.40262914,-85.98818088,2021-02-02 20:02 EDT
Dale,Alabama,4327,17,99,1,2.3%,41439,76,31.43174181,-85.61103117,2021-02-02 20:02 EDT
Franklin,Alabama,3853,7,60,0,1.6%,289,2,34.44170124,-87.84389685,2021-02-02 20:02 EDT
Russell,Alabama,3783,23,21,2,0.6%,4249,55,32.28849308,-85.18481595,2021-02-02 20:02 EDT
Covington,Alabama,3635,46,88,1,2.4%,43039,89,31.24846597,-86.45122877,2021-02-02 20:02 EDT
Escambia,Alabama,3569,21,50,2,1.4%,2979,47,31.12612742,-87.16161182,2021-02-02 20:02 EDT
Chilton,Alabama,3561,8,79,0,2.2%,2069,1,32.84777941,-86.718827,2021-02-02 20:02 EDT
Tallapoosa,Alabama,3349,15,118,4,3.5%,7029,65,32.86499611,-85.79385037,2021-02-02 20:02 EDT
Clarke,Alabama,3254,26,39,0,1.2%,2529,81,31.67661537,-87.83080483,2021-02-02 20:02 EDT
Dallas,Alabama,3242,14,114,3,3.5%,41229,1,32.32588508,-87.10649598,2021-02-02 20:02 EDT
Chambers,Alabama,3219,9,78,2,2.4%,327,34,32.91425002,-85.39199738,2021-02-02 20:02 EDT
Pike,Alabama,2760,13,43,2,1.6%,4949,3,31.80243254,-85.94090157,2021-02-02 20:02 EDT
Lawrence,Alabama,2665,11,73,3,2.7%,1799,6,34.51482422,-87.31336758,2021-02-02 20:02 EDT
Marion,Alabama,2632,15,76,2,2.9%,1079,5,34.13654519,-87.88726277,2021-02-02 20:02 EDT
Winston,Alabama,2389,6,45,0,1.9%,4039,7,34.1492576,-87.37372355,2021-02-02 20:02 EDT
Bibb,Alabama,2319,10,52,0,2.2%,659,2,32.99862367,-87.12643048,2021-02-02 20:02 EDT
Geneva,Alabama,2278,12,52,0,2.3%,41499,31,31.09496871,-85.83926267,2021-02-02 20:02 EDT
Marengo,Alabama,2191,2,37,3,1.7%,3669,1,32.2476084,-87.7895785,2021-02-02 20:02 EDT
Pickens,Alabama,2111,7,34,1,1.6%,49389,3,33.28098228,-88.08868876,2021-02-02 20:02 EDT
Hale,Alabama,1971,10,55,1,2.8%,39,7,32.76261511,-87.62905153,2021-02-02 20:02 EDT
Barbour,Alabama,1966,10,40,0,2.0%,417,4,31.86919041,-85.39718205,2021-02-02 20:02 EDT
Fayette,Alabama,1865,7,39,0,2.1%,479,3,33.72127946,-87.73881003,2021-02-02 20:02 EDT
Butler,Alabama,1833,6,60,0,3.3%,44239,4,31.75249854,-86.68021571,2021-02-02 20:02 EDT
Cherokee,Alabama,1714,7,36,1,2.1%,3859,0,34.07533246,-85.62135,2021-02-02 20:02 EDT
Henry,Alabama,1696,12,32,0,1.9%,43179,3,31.51330715,-85.24273442,2021-02-02 20:02 EDT
Monroe,Alabama,1596,20,23,1,1.4%,169,1,31.57075607,-87.36547349,2021-02-02 20:02 EDT
Randolph,Alabama,1523,1,37,0,2.4%,3889,1,33.29369234,-85.45915091,2021-02-02 20:02 EDT
Washington,Alabama,1481,5,27,0,1.8%,2819,1,31.40759373,-88.20787245,2021-02-02 20:02 EDT
Clay,Alabama,1333,3,50,0,3.8%,4259,3,33.26908192,-85.86067261,2021-02-02 20:02 EDT
Crenshaw,Alabama,1316,3,48,0,3.6%,109,4,31.73141256,-86.31352498,2021-02-02 20:02 EDT
Macon,Alabama,1303,9,39,1,3.0%,209,0,32.38593437,-85.69258025,2021-02-02 20:02 EDT
Cleburne,Alabama,1296,10,28,0,2.2%,41549,0,33.67459307,-85.51871251,2021-02-02 20:02 EDT
Lamar,Alabama,1251,2,29,1,2.3%,4319,8,33.77922773,-88.09692361,2021-02-02 20:02 EDT
Lowndes,Alabama,1249,16,39,0,3.1%,4197,3,32.15472135,-86.6501039,2021-02-02 20:02 EDT
Wilcox,Alabama,1146,4,22,0,1.9%,1039,2,31.98924911,-87.30831769,2021-02-02 20:02 EDT
Bullock,Alabama,1089,0,29,0,2.7%,4929,1,32.10044728,-85.71594985,2021-02-02 20:02 EDT
Perry,Alabama,1049,20,20,0,1.9%,49139,4,32.6384868,-87.29435307,2021-02-02 20:02 EDT
Conecuh,Alabama,1017,7,23,0,2.3%,41299,5,31.4292966,-86.99362992,2021-02-02 20:02 EDT
Sumter,Alabama,937,3,28,0,3.0%,412319,9,32.5910653,-88.1988126,2021-02-02 20:02 EDT
Greene,Alabama,810,4,27,0,3.3%,4286,7,32.85318214,-87.95217625,2021-02-02 20:02 EDT
Coosa,Alabama,694,13,20,1,2.9%,41719,8,32.93678499,-86.24837749,2021-02-02 20:02 EDT
Choctaw,Alabama,536,1,24,0,4.5%,41009,4,32.01961786,-88.26318528,2021-02-02 20:02 EDT
Greenville,South Carolina,56352,166,728,0,1.3%,2789,821,34.84827,-82.40011,2021-02-02 20:02 EDT
Richland,South Carolina,36169,154,440,4,1.2%,1379,838,34.02145286,-80.90134504,2021-02-02 20:02 EDT
Charleston,South Carolina,33254,195,397,1,1.2%,4519,966,32.78115,-79.9316,2021-02-02 20:02 EDT
Spartanburg,South Carolina,30215,156,583,3,1.9%,4359,710,34.94838,-81.93494,2021-02-02 20:02 EDT
Horry,South Carolina,29296,130,456,2,1.6%,227,455,33.93188,-79.1347,2021-02-02 20:02 EDT
Lexington,South Carolina,24926,153,384,2,1.5%,799,332,33.98105,-81.23595,2021-02-02 20:02 EDT
York,South Carolina,22501,139,264,7,1.2%,849,216,34.97475038,-81.18448769,2021-02-02 20:02 EDT
Anderson,South Carolina,17674,48,383,2,2.2%,1469,57,34.500609999999995,-82.64962,2021-02-02 20:02 EDT
Florence,South Carolina,15141,39,357,0,2.4%,3139,11,34.02438837,-79.70272945,2021-02-02 20:02 EDT
Pickens,South Carolina,14797,30,224,0,1.5%,599,9,34.88830558,-82.72480061,2021-02-02 20:02 EDT
Beaufort,South Carolina,13644,58,154,2,1.1%,246,80,32.43119,-80.66993000000002,2021-02-02 20:02 EDT
Aiken,South Carolina,13191,79,175,0,1.3%,469,32,33.54436916,-81.63486868,2021-02-02 20:02 EDT
Berkeley,South Carolina,12843,78,145,0,1.1%,4359,64,33.18611064,-79.93983359,2021-02-02 20:02 EDT
Dorchester,South Carolina,12838,90,154,1,1.2%,539,84,33.07954661,-80.40549017,2021-02-02 20:02 EDT
Sumter,South Carolina,8203,12,148,0,1.8%,1429,14,33.91643026,-80.38196367,2021-02-02 20:02 EDT
Lancaster,South Carolina,7966,46,118,1,1.5%,4119,29,34.72096,-80.77112,2021-02-02 20:02 EDT
Oconee,South Carolina,7624,24,102,0,1.3%,2759,72,34.75775247,-83.06814448,2021-02-02 20:02 EDT
Orangeburg,South Carolina,7622,46,188,1,2.5%,4189,50,33.43856402,-80.80665339,2021-02-02 20:02 EDT
Darlington,South Carolina,7023,19,137,3,2.0%,43829,92,34.33229917,-79.95764757,2021-02-02 20:02 EDT
Greenwood,South Carolina,6242,26,135,0,2.2%,172,61,34.153760600000005,-82.1258821,2021-02-02 20:02 EDT
Kershaw,South Carolina,5645,19,100,0,1.8%,4319,61,34.33892207,-80.59029602,2021-02-02 20:02 EDT
Laurens,South Carolina,5547,24,134,0,2.4%,1669,31,34.48356289,-82.00596199,2021-02-02 20:02 EDT
Georgetown,South Carolina,5525,10,126,0,2.3%,4079,94,33.3683,-79.28075,2021-02-02 20:02 EDT
Cherokee,South Carolina,4587,34,118,0,2.6%,627,21,35.04735373,-81.61972391,2021-02-02 20:02 EDT
Newberry,South Carolina,3803,10,85,1,2.2%,1659,42,34.29328009,-81.60206895,2021-02-02 20:02 EDT
Dillon,South Carolina,3559,16,71,1,2.0%,89,61,34.39156732,-79.37888732,2021-02-02 20:02 EDT
Chesterfield,South Carolina,3484,14,83,1,2.4%,4319,62,34.63970504,-80.15864697,2021-02-02 20:02 EDT
Williamsburg,South Carolina,3355,13,77,0,2.3%,119,94,33.62000505,-79.72813782,2021-02-02 20:02 EDT
Chester,South Carolina,3206,6,55,1,1.7%,949,54,34.69209371,-81.15921427,2021-02-02 20:02 EDT
Marion,South Carolina,2918,21,87,0,3.0%,41449,27,34.08008496,-79.36252391,2021-02-02 20:02 EDT
Colleton,South Carolina,2842,9,88,0,3.1%,219,47,32.86351263,-80.66676843,2021-02-02 20:02 EDT
Marlboro,South Carolina,2652,6,42,0,1.6%,2159,24,34.60199753,-79.67866234,2021-02-02 20:02 EDT
Clarendon,South Carolina,2563,10,85,0,3.3%,1319,39,33.68714735,-80.20177338,2021-02-02 20:02 EDT
Edgefield,South Carolina,2354,10,32,0,1.4%,2789,64,33.77234586,-81.96660776,2021-02-02 20:02 EDT
Union,South Carolina,2263,12,61,0,2.7%,4929,29,34.68860869,-81.61971422,2021-02-02 20:02 EDT
Barnwell,South Carolina,2086,11,43,0,2.1%,199,2,33.26608518,-81.43499643,2021-02-02 20:02 EDT
Jasper,South Carolina,1897,11,37,0,2.0%,4019,1,32.43619918,-81.03137252,2021-02-02 20:02 EDT
Fairfield,South Carolina,1893,10,62,1,3.3%,259,7,34.39518619,-81.12116934,2021-02-02 20:02 EDT
Abbeville,South Carolina,1856,8,30,1,1.6%,4489,23,34.22258416,-82.45866128,2021-02-02 20:02 EDT
Lee,South Carolina,1632,3,51,0,3.1%,499,5,34.16328963,-80.25444247,2021-02-02 20:02 EDT
Hampton,South Carolina,1526,10,41,0,2.7%,4486,4,32.77630498,-81.14071134,2021-02-02 20:02 EDT
Saluda,South Carolina,1369,9,36,1,2.6%,469,9,34.00477886,-81.72960194,2021-02-02 20:02 EDT
Bamberg,South Carolina,1262,7,44,0,3.5%,41439,4,33.21471805,-81.05419219,2021-02-02 20:02 EDT
Calhoun,South Carolina,1134,7,29,0,2.6%,279,4,33.67595941,-80.78363901,2021-02-02 20:02 EDT
McCormick,South Carolina,719,1,17,0,2.4%,217,4,33.90555689,-82.3064266,2021-02-02 20:02 EDT
Allendale,South Carolina,706,9,13,0,1.8%,49529,1,32.98806635,-81.35815203,2021-02-02 20:02 EDT
Jefferson,Louisiana,41512,234,798,0,1.9%,789,667,29.9596,-90.17182,2021-02-02 20:02 EDT
East Baton Rouge,Louisiana,32992,274,685,10,2.1%,43639,487,30.53926541,-91.09217012,2021-02-02 20:02 EDT
Orleans,Louisiana,26760,220,726,1,2.7%,439,6,30.03843182,-89.90055149,2021-02-02 20:02 EDT
Caddo,Louisiana,23029,105,614,1,2.7%,2319,32,32.75632,-93.97374,2021-02-02 20:02 EDT
St. Tammany,Louisiana,21805,117,448,3,2.1%,1089,69,30.39408,-89.89506999999998,2021-02-02 20:02 EDT
Lafayette,Louisiana,20703,24,238,2,1.1%,879,9,30.20678822,-92.06389372,2021-02-02 20:02 EDT
Calcasieu,Louisiana,18004,195,326,0,1.8%,41469,28,30.229699199999995,-93.35799892,2021-02-02 20:02 EDT
Ouachita,Louisiana,17159,55,380,4,2.2%,2159,30,32.47831651,-92.15480686,2021-02-02 20:02 EDT
Bossier,Louisiana,11985,120,243,0,2.0%,1039,2,32.67886191,-93.60531071,2021-02-02 20:02 EDT
Livingston,Louisiana,11422,134,165,5,1.4%,4757,6,30.45023884,-90.73914828,2021-02-02 20:02 EDT
Tangipahoa,Louisiana,11279,180,236,0,2.1%,44459,572,30.64545741,-90.41177337,2021-02-02 20:02 EDT
Rapides,Louisiana,10804,76,265,0,2.5%,41449,36,31.19843924,-92.53308595,2021-02-02 20:02 EDT
Ascension,Louisiana,10407,82,137,0,1.3%,43789,85,30.20549338,-90.90885829999999,2021-02-02 20:02 EDT
Terrebonne,Louisiana,8746,70,186,3,2.1%,4019,15,29.43006669,-90.87546183,2021-02-02 20:02 EDT
Lafourche,Louisiana,8412,90,185,1,2.2%,829,46,29.765290000000004,-90.76881,2021-02-02 20:02 EDT
St. Landry,Louisiana,7920,18,227,0,2.9%,1089,14,30.844359999999998,-92.2579,2021-02-02 20:02 EDT
Iberia,Louisiana,6087,29,138,0,2.3%,169,99,29.898011199999996,-91.72954301,2021-02-02 20:02 EDT
Acadia,Louisiana,5849,26,177,0,3.0%,1289,16,30.29050871,-92.41197696,2021-02-02 20:02 EDT
St. Charles,Louisiana,4814,26,87,0,1.8%,2919,56,29.905279800000002,-90.3824403,2021-02-02 20:02 EDT
St. Martin,Louisiana,4662,45,105,2,2.3%,439,39,30.12895397,-91.60824755,2021-02-02 20:02 EDT
Vermilion,Louisiana,4617,15,101,1,2.2%,2369,55,29.85299431,-92.3121327,2021-02-02 20:02 EDT
Lincoln,Louisiana,4074,21,84,0,2.1%,4359,13,33.98547052,-91.55475994,2021-02-02 20:02 EDT
St. Mary,Louisiana,3870,5,115,2,3.0%,3689,22,29.71330317,-91.44813878,2021-02-02 20:02 EDT
Washington,Louisiana,3827,12,110,0,2.9%,179,8,30.85339216,-90.04050446,2021-02-02 20:02 EDT
Webster,Louisiana,3743,6,84,0,2.2%,1099,47,32.71359019,-93.33509249,2021-02-02 20:02 EDT
Natchitoches,Louisiana,3720,27,74,0,2.0%,4289,15,31.7825,-93.12601,2021-02-02 20:02 EDT
Avoyelles,Louisiana,3492,15,114,0,3.3%,3829,2,31.07628851,-92.00134123,2021-02-02 20:02 EDT
St. John the Baptist,Louisiana,3322,25,129,0,3.9%,1959,20,30.07866499,-90.54541322,2021-02-02 20:02 EDT
St. Bernard,Louisiana,3312,30,46,1,1.4%,1549,70,29.86715,-89.85868,2021-02-02 20:02 EDT
Iberville,Louisiana,3246,14,87,1,2.7%,45549,1,30.25861183,-91.35399609,2021-02-02 20:02 EDT
Evangeline,Louisiana,3100,9,72,0,2.3%,669,1,30.72895002,-92.405885,2021-02-02 20:02 EDT
East Feliciana,Louisiana,2846,8,103,1,3.6%,425319,13,30.84482607,-91.04601837,2021-02-02 20:02 EDT
Allen,Louisiana,2844,6,79,0,2.8%,4457,2,30.6527174,-92.82796952,2021-02-02 20:02 EDT
Jefferson Davis,Louisiana,2759,8,79,0,2.9%,4439,8,30.26768508,-92.81414354,2021-02-02 20:02 EDT
Vernon,Louisiana,2724,22,88,0,3.2%,849,7,31.10830016,-93.18407486,2021-02-02 20:02 EDT
Beauregard,Louisiana,2644,23,61,0,2.3%,1269,25,30.64850162,-93.34333182,2021-02-02 20:02 EDT
Sabine,Louisiana,2602,11,48,0,1.8%,1849,3,31.57132047,-93.52722548,2021-02-02 20:02 EDT
Morehouse,Louisiana,2601,0,63,1,2.4%,5679,5,32.82017765,-91.80180587,2021-02-02 20:02 EDT
De Soto,Louisiana,2465,20,66,1,2.7%,3179,53,32.05631831,-93.73641134,2021-02-02 20:02 EDT
Franklin,Louisiana,2358,7,100,0,4.2%,1849,0,32.13329943,-91.67379708,2021-02-02 20:02 EDT
West Baton Rouge,Louisiana,2332,28,50,0,2.1%,4509,3,30.45019000000001,-91.20510999999999,2021-02-02 20:02 EDT
Pointe Coupee,Louisiana,2278,10,65,0,2.9%,4127,2,30.73465,-91.43281,2021-02-02 20:02 EDT
Richland,Louisiana,2232,3,45,1,2.0%,1239,3,32.41776224,-91.76340821,2021-02-02 20:02 EDT
Union,Louisiana,2231,14,72,0,3.2%,1759,7,32.83185619,-92.37480089,2021-02-02 20:02 EDT
Plaquemines,Louisiana,2144,14,22,0,1.0%,1369,6,29.48327508,-89.6525564,2021-02-02 20:02 EDT
Assumption,Louisiana,1983,38,31,0,1.6%,2579,39,29.9008158,-91.06259177,2021-02-02 20:02 EDT
Grant,Louisiana,1933,13,47,0,2.4%,413579,32,32.782135499999995,-108.28364850000001,2021-02-02 20:02 EDT
St. James,Louisiana,1741,3,48,0,2.8%,1499,7,30.41825,-91.09344,2021-02-02 20:02 EDT
Concordia,Louisiana,1709,3,53,0,3.1%,819,4,31.449419399999996,-91.64317372,2021-02-02 20:02 EDT
Jackson,Louisiana,1655,20,44,0,2.7%,289,4,32.30198779,-92.55763308,2021-02-02 20:02 EDT
Bienville,Louisiana,1529,6,66,0,4.3%,6469,4,32.34725238,-93.05591905,2021-02-02 20:02 EDT
Madison,Louisiana,1521,2,28,0,1.8%,1369,9,32.36400527,-91.24897524,2021-02-02 20:02 EDT
Winn,Louisiana,1395,7,38,0,2.7%,4049,8,31.94431477,-92.63664883,2021-02-02 20:02 EDT
La Salle,Louisiana,1357,3,33,0,2.4%,9,1,31.67669588,-92.16041471,2021-02-02 20:02 EDT
Claiborne,Louisiana,1353,0,48,0,3.5%,41769,0,32.82278787,-92.99576115,2021-02-02 20:02 EDT
West Carroll,Louisiana,1120,1,37,0,3.3%,449,4,32.78846109,-91.45681899,2021-02-02 20:02 EDT
West Feliciana,Louisiana,1087,0,28,0,2.6%,167,5,30.88192576,-91.41695973,2021-02-02 20:02 EDT
East Carroll,Louisiana,1083,0,20,0,1.8%,5719,2,32.73086858,-91.23907794,2021-02-02 20:02 EDT
Caldwell,Louisiana,1049,0,24,0,2.3%,6529,0,32.0922523,-92.11650782,2021-02-02 20:02 EDT
Catahoula,Louisiana,1027,1,33,0,3.2%,3579,8,31.666355100000004,-91.84685928,2021-02-02 20:02 EDT
St. Helena,Louisiana,855,0,8,0,0.9%,9,5,30.82192992,-90.71040379,2021-02-02 20:02 EDT
Red River,Louisiana,807,5,34,0,4.2%,1879,6,32.09307819,-93.3398949,2021-02-02 20:02 EDT
Cameron,Louisiana,495,8,5,0,1.0%,4109,92,29.87049266,-93.1859723,2021-02-02 20:02 EDT
Tensas,Louisiana,351,5,5,0,1.4%,9,0,32.00304956,-91.34321024,2021-02-02 20:02 EDT
Denver,Colorado,55910,75,740,1,1.3%,759,98,39.74001,-104.99202,2021-02-02 20:02 EDT
El Paso,Colorado,47933,91,705,0,1.5%,2129,64,38.83212691,-104.5255141,2021-02-02 20:02 EDT
Adams,Colorado,45871,64,589,0,1.3%,1049,16,39.87375914,-104.3366349,2021-02-02 20:02 EDT
Arapahoe,Colorado,45243,89,616,0,1.4%,1019,93,39.64976719,-104.33920440000001,2021-02-02 20:02 EDT
Jefferson,Colorado,34737,72,684,1,2.0%,729,77,39.58643164,-105.25040220000001,2021-02-02 20:02 EDT
Weld,Colorado,23779,139,307,0,1.3%,1239,36,40.55477273,-104.3924353,2021-02-02 20:02 EDT
Douglas,Colorado,19096,67,219,0,1.1%,41519,18,39.32966642,-104.9295706,2021-02-02 20:02 EDT
Larimer,Colorado,18160,45,198,1,1.1%,1249,23,40.66645245,-105.46093629999999,2021-02-02 20:02 EDT
Boulder,Colorado,17298,35,213,0,1.2%,79,51,40.01574,-105.27923999999999,2021-02-02 20:02 EDT
Pueblo,Colorado,14353,0,357,0,2.5%,407,54,38.26375,-104.61251999999999,2021-02-02 20:02 EDT
Mesa,Colorado,12254,92,173,0,1.4%,429,73,39.16616,-108.13888999999999,2021-02-02 20:02 EDT
Fremont,Colorado,5183,5,37,0,0.7%,43299,5,38.47295719,-105.4395467,2021-02-02 20:02 EDT
Garfield,Colorado,4840,9,38,0,0.8%,2819,28,39.59922654,-107.90400190000001,2021-02-02 20:02 EDT
Eagle,Colorado,4427,25,18,0,0.4%,3549,59,39.65565,-106.82788000000001,2021-02-02 20:02 EDT
Logan,Colorado,3633,4,60,0,1.7%,3989,0,40.72456684,-103.110263,2021-02-02 20:02 EDT
Broomfield,Colorado,3435,9,70,0,2.0%,2319,3,39.93598,-105.0527,2021-02-02 20:02 EDT
Montrose,Colorado,3030,4,45,0,1.5%,3259,12,38.40213969,-108.2692408,2021-02-02 20:02 EDT
La Plata,Colorado,2707,0,35,1,1.3%,1259,9,37.400040000000004,-108.06347,2021-02-02 20:02 EDT
Summit,Colorado,2684,9,6,0,0.2%,157,18,39.6341694,-106.1163607,2021-02-02 20:02 EDT
Morgan,Colorado,2367,1,89,0,3.8%,2659,5,40.26249779,-103.8101324,2021-02-02 20:02 EDT
Delta,Colorado,2343,7,56,4,2.4%,5519,6,38.86134148,-107.8627986,2021-02-02 20:02 EDT
Pitkin,Colorado,1845,11,4,0,0.2%,4859,0,39.21712515,-106.9167355,2021-02-02 20:02 EDT
Crowley,Colorado,1817,0,14,0,0.8%,413189,1,38.32668857,-103.7847985,2021-02-02 20:02 EDT
Otero,Colorado,1789,1,59,0,3.3%,6529,0,37.90276615,-103.71644029999999,2021-02-02 20:02 EDT
Routt,Colorado,1646,16,19,0,1.2%,2879,17,40.48499792,-106.9912189,2021-02-02 20:02 EDT
Montezuma,Colorado,1637,1,22,0,1.3%,5549,3,37.33843284,-108.5967945,2021-02-02 20:02 EDT
Chaffee,Colorado,1323,9,23,0,1.7%,4309,2,38.74685876,-106.19401570000001,2021-02-02 20:02 EDT
Bent,Colorado,1291,1,20,0,1.5%,6259,0,37.95504698,-103.07166459999999,2021-02-02 20:02 EDT
Teller,Colorado,1185,2,14,0,1.2%,869,2,38.88211999,-105.16178500000001,2021-02-02 20:02 EDT
Alamosa,Colorado,1178,7,28,0,2.4%,41099,1,37.57290217,-105.78830159999998,2021-02-02 20:02 EDT
Elbert,Colorado,1161,1,12,0,1.0%,4319,8,39.28657713,-104.13584759999999,2021-02-02 20:02 EDT
Prowers,Colorado,1132,2,21,0,1.9%,2319,0,37.95517341,-102.3933544,2021-02-02 20:02 EDT
Gunnison,Colorado,1061,5,7,0,0.7%,429,7,38.54526,-106.92692,2021-02-02 20:02 EDT
Grand,Colorado,979,4,5,0,0.5%,3119,1,40.10263738,-106.1182838,2021-02-02 20:02 EDT
Lincoln,Colorado,957,0,3,0,0.3%,43929,1,38.98804046,-103.51395090000001,2021-02-02 20:02 EDT
Las Animas,Colorado,918,1,11,0,1.2%,3859,6,38.06746,-103.21996,2021-02-02 20:02 EDT
San Miguel,Colorado,684,2,0,0,0.0%,4439,3,37.10437,-104.39151,2021-02-02 20:02 EDT
Yuma,Colorado,663,0,16,0,2.4%,6569,1,40.00288428,-102.424228,2021-02-02 20:02 EDT
Rio Grande,Colorado,626,2,11,0,1.8%,4599,6,37.58258853,-106.38326809999998,2021-02-02 20:02 EDT
Moffat,Colorado,625,0,23,0,3.7%,5229,1,40.61838368,-108.20730230000001,2021-02-02 20:02 EDT
Archuleta,Colorado,607,3,0,0,0.0%,7339,0,37.19355091,-107.0483581,2021-02-02 20:02 EDT
Lake,Colorado,541,6,0,0,0.0%,418759,6,39.20232476,-106.34476969999999,2021-02-02 20:02 EDT
Kit Carson,Colorado,507,3,10,0,2.0%,6969,0,38.76508,-102.79524,2021-02-02 20:02 EDT
Park,Colorado,491,2,5,0,1.0%,43859,8,39.11926199,-105.71712439999999,2021-02-02 20:02 EDT
Conejos,Colorado,407,0,4,0,1.0%,5459,0,37.20072315,-106.1915838,2021-02-02 20:02 EDT
Rio Blanco,Colorado,401,1,3,0,0.7%,7259,4,39.75685,-107.94915,2021-02-02 20:02 EDT
Washington,Colorado,365,0,12,0,3.3%,759,0,39.97103445,-103.20123790000001,2021-02-02 20:02 EDT
Clear Creek,Colorado,345,0,2,0,0.6%,9,0,39.68905313,-105.6443322,2021-02-02 20:02 EDT
Phillips,Colorado,325,0,11,0,3.4%,709,0,40.59387169,-102.35755879999999,2021-02-02 20:02 EDT
Huerfano,Colorado,293,0,18,0,6.1%,44009,0,37.68467773,-104.96059879999999,2021-02-02 20:02 EDT
Saguache,Colorado,293,0,4,0,1.4%,259,0,38.08055277,-106.2814906,2021-02-02 20:02 EDT
Baca,Colorado,265,1,3,0,1.1%,809,0,37.31917179,-102.5604577,2021-02-02 20:02 EDT
Ouray,Colorado,211,1,3,0,1.4%,41339,7,38.15545394,-107.7690994,2021-02-02 20:02 EDT
Sedgwick,Colorado,189,0,2,0,1.1%,167,0,40.87592722400007,-102.35173498499996,2021-02-02 20:02 EDT
Costilla,Colorado,179,0,2,0,1.1%,42009,0,37.27807965,-105.42818249999999,2021-02-02 20:02 EDT
Custer,Colorado,160,0,1,0,0.6%,6679,0,38.10869987,-105.367516,2021-02-02 20:02 EDT
Gilpin,Colorado,150,1,3,0,2.0%,9,0,39.85753367,-105.52254440000002,2021-02-02 20:02 EDT
Cheyenne,Colorado,121,0,5,0,4.1%,4509,0,38.82791726,-102.60337790000001,2021-02-02 20:02 EDT
Kiowa,Colorado,89,0,3,0,3.4%,43009,0,38.43266028400007,-102.74032932799996,2021-02-02 20:02 EDT
Dolores,Colorado,62,0,0,0,0.0%,1009,0,37.75160464700008,-108.51712392299999,2021-02-02 20:02 EDT
Mineral,Colorado,61,0,1,0,1.6%,9,0,37.66886251,-106.92409040000001,2021-02-02 20:02 EDT
Jackson,Colorado,45,0,0,0,0.0%,0,0,40.66641874500005,-106.34273287299999,2021-02-02 20:02 EDT
San Juan,Colorado,43,0,0,0,0.0%,8579,0,37.76398481,-107.6761142,2021-02-02 20:02 EDT
International,Colorado,39,1,0,0,0.0%,809,0,39.24810000000008,-106.29134999999997,2021-02-02 20:02 EDT
Hinsdale,Colorado,16,0,0,0,0.0%,0,0,37.82134848,-107.3001915,2021-02-02 20:02 EDT
Oklahoma,Oklahoma,75542,186,589,9,0.8%,349,368,35.58268395,-97.50859936,2021-02-02 20:02 EDT
Tulsa,Oklahoma,64677,297,593,4,0.9%,349,863,36.15011,-95.99351999999999,2021-02-02 20:02 EDT
Cleveland,Oklahoma,26517,90,229,1,0.9%,3299,42,35.20309375,-97.32639069,2021-02-02 20:02 EDT
Canadian,Oklahoma,14387,38,69,3,0.5%,3149,66,35.54258124,-97.98256476,2021-02-02 20:02 EDT
Comanche,Oklahoma,10401,67,109,3,1.0%,4139,74,34.66211803,-98.47167754,2021-02-02 20:02 EDT
Rogers,Oklahoma,9199,20,101,0,1.1%,4119,60,36.36522122,-95.60406386,2021-02-02 20:02 EDT
Muskogee,Oklahoma,8530,35,82,2,1.0%,4589,30,35.61611262,-95.37946535,2021-02-02 20:02 EDT
Payne,Oklahoma,7887,18,42,0,0.5%,1689,12,36.07732714,-96.9757817,2021-02-02 20:02 EDT
Pottawatomie,Oklahoma,7218,19,55,0,0.8%,1799,29,35.20671563,-96.9483,2021-02-02 20:02 EDT
Garfield,Oklahoma,7019,28,60,0,0.9%,42359,47,36.37906991,-97.78271405,2021-02-02 20:02 EDT
Wagoner,Oklahoma,6998,32,69,0,1.0%,29,86,35.96105277,-95.52120322,2021-02-02 20:02 EDT
Creek,Oklahoma,5856,26,99,1,1.7%,719,12,35.90262244,-96.37093928,2021-02-02 20:02 EDT
Bryan,Oklahoma,5340,10,45,0,0.8%,3039,98,33.96250957,-96.25077988,2021-02-02 20:02 EDT
Grady,Oklahoma,5255,12,58,0,1.1%,2669,68,35.01711842,-97.88402353,2021-02-02 20:02 EDT
Cherokee,Oklahoma,5084,16,33,1,0.6%,4739,76,35.90662326,-94.99965093,2021-02-02 20:02 EDT
Carter,Oklahoma,5082,32,35,3,0.7%,407,93,34.25084617,-97.28576447,2021-02-02 20:02 EDT
Le Flore,Oklahoma,4937,5,39,0,0.8%,45859,79,34.89848,-94.98446,2021-02-02 20:02 EDT
Kay,Oklahoma,4790,7,59,1,1.2%,3469,95,36.81800612,-97.14387074,2021-02-02 20:02 EDT
Mcclain,Oklahoma,4728,29,40,0,0.8%,41549,2,35.00934833,-97.4441735,2021-02-02 20:02 EDT
Pontotoc,Oklahoma,4470,22,38,0,0.9%,2819,97,34.72801511,-96.68434148,2021-02-02 20:02 EDT
Stephens,Oklahoma,4303,8,51,1,1.2%,2619,87,34.48556497,-97.8515255,2021-02-02 20:02 EDT
Washington,Oklahoma,4254,16,76,0,1.8%,43569,17,36.71524586,-95.90436644,2021-02-02 20:02 EDT
Pittsburg,Oklahoma,4136,12,32,1,0.8%,649,76,34.91545245,-95.75381157,2021-02-02 20:02 EDT
Osage,Oklahoma,4121,13,38,0,0.9%,119,84,36.6291825,-96.39842617,2021-02-02 20:02 EDT
Delaware,Oklahoma,4118,7,55,1,1.3%,449,55,36.39581277,-94.79870469,2021-02-02 20:02 EDT
Custer,Oklahoma,3800,10,59,0,1.6%,48559,54,35.63885752,-99.00153879,2021-02-02 20:02 EDT
Logan,Oklahoma,3638,6,23,0,0.6%,2229,33,35.91931509,-97.44331471,2021-02-02 20:02 EDT
Mayes,Oklahoma,3600,13,34,0,0.9%,1789,66,36.30089425,-95.23192599,2021-02-02 20:02 EDT
Sequoyah,Oklahoma,3595,8,26,0,0.7%,69,56,35.4991234,-94.75047968,2021-02-02 20:02 EDT
Caddo,Oklahoma,3586,8,49,1,1.4%,619,24,35.17438212,-98.37518326,2021-02-02 20:02 EDT
Mccurtain,Oklahoma,3491,20,57,0,1.6%,41629,15,34.11531994,-94.7711568,2021-02-02 20:02 EDT
Ottawa,Oklahoma,3451,4,35,0,1.0%,2369,4,36.83755025,-94.81154368,2021-02-02 20:02 EDT
Okmulgee,Oklahoma,3377,7,39,0,1.2%,44959,63,35.64661843,-95.96428706,2021-02-02 20:02 EDT
Texas,Oklahoma,3318,0,21,0,0.6%,4212,0,36.74795667,-101.4900765,2021-02-02 20:02 EDT
Garvin,Oklahoma,3269,16,32,1,1.0%,839,44,34.70458265,-97.30929616,2021-02-02 20:02 EDT
Woodward,Oklahoma,2984,12,13,0,0.4%,999,4,36.42269167,-99.2649823,2021-02-02 20:02 EDT
Adair,Oklahoma,2886,14,20,0,0.7%,42659,91,35.88386776,-94.65866924,2021-02-02 20:02 EDT
Lincoln,Oklahoma,2842,8,43,0,1.5%,1759,13,35.70299372,-96.88093978,2021-02-02 20:02 EDT
Jackson,Oklahoma,2708,0,41,0,1.5%,4539,5,34.586625399999996,-99.41604727,2021-02-02 20:02 EDT
Seminole,Oklahoma,2567,28,29,1,1.1%,41249,45,35.16748113,-96.61551659,2021-02-02 20:02 EDT
Beckham,Oklahoma,2494,9,31,0,1.2%,1879,4,35.26863398,-99.68191704,2021-02-02 20:02 EDT
Kingfisher,Oklahoma,1859,2,19,0,1.0%,494,8,35.94542854,-97.94211253,2021-02-02 20:02 EDT
Craig,Oklahoma,1827,1,10,0,0.5%,449,2,36.76177662,-95.20852181,2021-02-02 20:02 EDT
Murray,Oklahoma,1769,12,17,0,1.0%,499,9,34.48228682,-97.06783661,2021-02-02 20:02 EDT
Mcintosh,Oklahoma,1766,0,27,0,1.5%,3789,6,35.37415132,-95.67459224,2021-02-02 20:02 EDT
Marshall,Oklahoma,1704,8,12,0,0.7%,4489,8,34.03881003,-96.77770692,2021-02-02 20:02 EDT
Okfuskee,Oklahoma,1695,4,16,0,0.9%,2849,8,35.46542754,-96.32278537,2021-02-02 20:02 EDT
Atoka,Oklahoma,1652,2,9,0,0.5%,2559,1,34.37361341,-96.03781916,2021-02-02 20:02 EDT
Pawnee,Oklahoma,1492,7,25,1,1.7%,4159,9,36.31690779,-96.69931207,2021-02-02 20:02 EDT
Choctaw,Oklahoma,1444,2,12,1,0.8%,649,4,34.02663549,-95.55200488,2021-02-02 20:02 EDT
Love,Oklahoma,1355,2,8,0,0.6%,279,6,33.94905674,-97.24738883,2021-02-02 20:02 EDT
Noble,Oklahoma,1254,9,8,0,0.6%,44059,2,36.38857838,-97.230559,2021-02-02 20:02 EDT
Johnston,Oklahoma,1188,3,14,0,1.2%,4989,5,34.31850068,-96.66115414,2021-02-02 20:02 EDT
Haskell,Oklahoma,1154,3,8,0,0.7%,3859,0,35.21743604,-95.12302219,2021-02-02 20:02 EDT
Woods,Oklahoma,1149,0,7,0,0.6%,879,1,36.76693011,-98.86509827,2021-02-02 20:02 EDT
Alfalfa,Oklahoma,1104,2,5,0,0.5%,43089,4,36.73103543,-98.32398173,2021-02-02 20:02 EDT
Hughes,Oklahoma,1078,4,14,0,1.3%,1159,6,35.048325555000076,-96.25018727199995,2021-02-02 20:02 EDT
Nowata,Oklahoma,1011,3,14,0,1.4%,41069,2,36.80196654,-95.61853727,2021-02-02 20:02 EDT
Washita,Oklahoma,996,3,6,0,0.6%,437,8,35.29039887,-98.99224186,2021-02-02 20:02 EDT
Blaine,Oklahoma,907,3,6,0,0.7%,4609,4,35.87519737,-98.43347168,2021-02-02 20:02 EDT
Pushmataha,Oklahoma,906,3,10,1,1.1%,41339,4,34.41619446,-95.37576025,2021-02-02 20:02 EDT
Major,Oklahoma,899,1,4,0,0.4%,41259,6,36.31159921,-98.53599676,2021-02-02 20:02 EDT
Latimer,Oklahoma,745,0,8,0,1.1%,3269,1,34.87604405,-95.25034351,2021-02-02 20:02 EDT
Kiowa,Oklahoma,729,0,13,0,1.8%,809,1,34.91638147,-98.98093259,2021-02-02 20:02 EDT
Tillman,Oklahoma,702,1,14,1,2.0%,4959,3,34.36966041,-98.92228851,2021-02-02 20:02 EDT
Jefferson,Oklahoma,638,0,7,0,1.1%,1039,6,34.10978165,-97.83692441,2021-02-02 20:02 EDT
Coal,Oklahoma,635,0,10,0,1.6%,3559,0,34.58817294,-96.29777073,2021-02-02 20:02 EDT
Cotton,Oklahoma,589,3,13,0,2.2%,409,1,34.2893297,-98.37290420000001,2021-02-02 20:02 EDT
Grant,Oklahoma,503,6,5,0,1.0%,839,92,36.796111700000004,-97.78613422,2021-02-02 20:02 EDT
Dewey,Oklahoma,503,1,4,0,0.8%,46259,3,35.98763828,-99.0079635,2021-02-02 20:02 EDT
Greer,Oklahoma,461,0,13,0,2.8%,5629,0,34.93565208,-99.56072159,2021-02-02 20:02 EDT
Beaver,Oklahoma,388,2,4,0,1.0%,159,7,36.74988623,-100.476724,2021-02-02 20:02 EDT
Harper,Oklahoma,388,1,3,0,0.8%,509,0,36.78877427,-99.66736993,2021-02-02 20:02 EDT
Roger mills,Oklahoma,373,0,6,0,1.6%,4309,3,35.68833432600008,-99.695719362,2021-02-02 20:02 EDT
Ellis,Oklahoma,335,0,1,0,0.3%,4509,0,36.21833010900008,-99.754552699,2021-02-02 20:02 EDT
Harmon,Oklahoma,255,1,1,0,0.4%,9,0,34.744129930000035,-99.84621399299999,2021-02-02 20:02 EDT
Cimarron,Oklahoma,121,0,1,0,0.8%,6679,0,36.74822847,-102.5176188,2021-02-02 20:02 EDT
Douglas,Oklahoma,1,0,0,0,0.0%,0,0,38.937467161818546,-95.2396414717972,2021-02-02 20:02 EDT
Out-of-State,Oklahoma,0,0,0,0,nan%,0,0,35.56726285,-97.28636389,2021-02-02 20:02 EDT
Jefferson,Kentucky,66792,339,707,8,1.1%,3259,374,38.18589024,-85.65499484,2021-02-02 20:02 EDT
Fayette,Kentucky,30009,139,187,3,0.6%,1749,164,38.04227216,-84.45868673,2021-02-02 20:02 EDT
Warren,Kentucky,13438,81,106,0,0.8%,3439,51,36.99354783,-86.42374049,2021-02-02 20:02 EDT
Kenton,Kentucky,13035,133,96,1,0.7%,759,45,38.93194372,-84.53299767,2021-02-02 20:02 EDT
Boone,Kentucky,10959,143,55,0,0.5%,159,10,38.96774723,-84.72498872,2021-02-02 20:02 EDT
Daviess,Kentucky,8730,75,145,4,1.7%,1259,80,37.72855557,-87.08612579999998,2021-02-02 20:02 EDT
Hardin,Kentucky,8035,42,72,4,0.9%,3039,11,37.69750795,-85.96333372,2021-02-02 20:02 EDT
Madison,Kentucky,7774,78,57,0,0.7%,414,25,37.72012253,-84.27801087,2021-02-02 20:02 EDT
Campbell,Kentucky,6841,79,40,0,0.6%,449,10,38.94356083,-84.38125203,2021-02-02 20:02 EDT
Oldham,Kentucky,6469,13,66,0,1.0%,569,71,38.39751953,-85.44481301,2021-02-02 20:02 EDT
Christian,Kentucky,5772,25,71,0,1.2%,4519,69,36.89414778,-87.49028921,2021-02-02 20:02 EDT
Bullitt,Kentucky,5570,14,39,0,0.7%,2919,29,37.97009846,-85.6957676,2021-02-02 20:02 EDT
McCracken,Kentucky,5299,48,56,0,1.1%,41059,90,37.04789321,-88.71028740000001,2021-02-02 20:02 EDT
Laurel,Kentucky,5229,77,18,0,0.3%,349,723,37.11053277,-84.11772546,2021-02-02 20:02 EDT
Pulaski,Kentucky,5186,37,67,1,1.3%,679,49,37.10491837,-84.57567227,2021-02-02 20:02 EDT
Pike,Kentucky,4620,49,46,0,1.0%,4212,54,37.46891881,-82.39592971,2021-02-02 20:02 EDT
Boyd,Kentucky,4298,16,35,0,0.8%,1239,86,38.35824194,-82.68819591,2021-02-02 20:02 EDT
Nelson,Kentucky,4150,38,25,0,0.6%,2389,27,37.80507638,-85.46597155,2021-02-02 20:02 EDT
Henderson,Kentucky,4026,16,55,1,1.4%,1079,75,37.79045907,-87.57002718,2021-02-02 20:02 EDT
Shelby,Kentucky,3943,8,33,0,0.8%,339,76,38.2154196,-85.19479183,2021-02-02 20:02 EDT
Whitley,Kentucky,3743,39,14,0,0.4%,4759,15,36.75806935,-84.14512778,2021-02-02 20:02 EDT
Jessamine,Kentucky,3707,28,48,0,1.3%,3059,7,37.87199149,-84.58089105,2021-02-02 20:02 EDT
Graves,Kentucky,3703,5,63,0,1.7%,4419,54,36.7230781,-88.65116188,2021-02-02 20:02 EDT
Hopkins,Kentucky,3614,41,113,2,3.1%,42239,81,37.308772,-87.5407627,2021-02-02 20:02 EDT
Barren,Kentucky,3533,25,39,0,1.1%,1049,6,36.96554071,-85.93361452,2021-02-02 20:02 EDT
Scott,Kentucky,3521,23,24,0,0.7%,3649,52,38.29149291,-84.58388029999998,2021-02-02 20:02 EDT
Franklin,Kentucky,3257,29,24,0,0.7%,43629,54,38.23908376,-84.87701513,2021-02-02 20:02 EDT
Calloway,Kentucky,3245,13,34,0,1.0%,437,70,36.62124789,-88.28438538,2021-02-02 20:02 EDT
Greenup,Kentucky,3103,4,23,0,0.7%,42824,95,38.5434117,-82.92385638,2021-02-02 20:02 EDT
Boyle,Kentucky,2981,11,26,0,0.9%,5679,5,37.62433446,-84.86693312,2021-02-02 20:02 EDT
Floyd,Kentucky,2755,10,20,0,0.7%,119,78,37.55705247,-82.74562992,2021-02-02 20:02 EDT
Knox,Kentucky,2642,47,11,0,0.4%,4289,83,36.89060528,-83.85395749,2021-02-02 20:02 EDT
Muhlenberg,Kentucky,2564,5,42,0,1.6%,2439,8,37.21578123,-87.14188649,2021-02-02 20:02 EDT
Bell,Kentucky,2438,1,32,0,1.3%,3219,6,36.73059872,-83.67401284,2021-02-02 20:02 EDT
Taylor,Kentucky,2328,20,27,0,1.2%,4487,13,37.36643407,-85.32781754,2021-02-02 20:02 EDT
Marshall,Kentucky,2257,6,35,0,1.6%,3429,2,36.88367928,-88.34394721,2021-02-02 20:02 EDT
Harlan,Kentucky,2253,20,55,0,2.4%,1869,18,36.85689001,-83.21783699,2021-02-02 20:02 EDT
Logan,Kentucky,2230,17,46,0,2.1%,2789,1,36.85966818,-86.87879605,2021-02-02 20:02 EDT
Clay,Kentucky,2223,18,24,1,1.1%,949,7,37.15963464,-83.71457225,2021-02-02 20:02 EDT
Mercer,Kentucky,2183,24,14,0,0.6%,4409,26,37.81094136,-84.87438491,2021-02-02 20:02 EDT
Clark,Kentucky,2179,19,16,0,0.7%,4749,1,37.97082287,-84.14733588,2021-02-02 20:02 EDT
Ohio,Kentucky,2106,18,41,1,1.9%,2049,2,37.47819951,-86.84881936,2021-02-02 20:02 EDT
Perry,Kentucky,2015,11,25,0,1.2%,41859,7,37.24424954,-83.22143217,2021-02-02 20:02 EDT
Montgomery,Kentucky,1992,23,21,0,1.1%,1319,6,38.03347158,-83.91302990000001,2021-02-02 20:02 EDT
Marion,Kentucky,1931,7,21,1,1.1%,412,4,37.55245278,-85.26954605,2021-02-02 20:02 EDT
Lincoln,Kentucky,1922,7,30,0,1.6%,457,3,37.45539210000001,-84.66082565,2021-02-02 20:02 EDT
Morgan,Kentucky,1917,7,0,0,0.0%,41419,47,37.92222098,-83.25887801,2021-02-02 20:02 EDT
Carter,Kentucky,1849,10,20,0,1.1%,959,6,38.31810823,-83.0494922,2021-02-02 20:02 EDT
Wayne,Kentucky,1841,12,28,0,1.5%,4429,8,36.79572355,-84.82401322,2021-02-02 20:02 EDT
Woodford,Kentucky,1779,11,4,0,0.2%,959,6,38.04223062,-84.74358059,2021-02-02 20:02 EDT
Grayson,Kentucky,1763,17,44,1,2.5%,499,7,37.46076152,-86.34386176,2021-02-02 20:02 EDT
Rowan,Kentucky,1749,11,8,0,0.5%,3399,4,38.19620375,-83.42102875,2021-02-02 20:02 EDT
Grant,Kentucky,1716,21,12,0,0.7%,4629,28,38.64877602,-84.62457084,2021-02-02 20:02 EDT
Meade,Kentucky,1686,9,7,0,0.4%,509,3,37.96400711,-86.21341712,2021-02-02 20:02 EDT
Hart,Kentucky,1655,6,22,0,1.3%,4869,3,37.29988123,-85.88466583,2021-02-02 20:02 EDT
Johnson,Kentucky,1583,20,18,1,1.1%,46559,1,37.84653375,-82.83150366,2021-02-02 20:02 EDT
Allen,Kentucky,1579,25,21,0,1.3%,41229,3,36.75124936,-86.19036282,2021-02-02 20:02 EDT
Simpson,Kentucky,1529,1,21,0,1.4%,1179,3,36.74190502,-86.58223752,2021-02-02 20:02 EDT
Letcher,Kentucky,1511,12,6,0,0.4%,259,7,37.12115043,-82.85518104,2021-02-02 20:02 EDT
McCreary,Kentucky,1494,17,15,0,1.0%,43299,1,36.73697817,-84.48414077,2021-02-02 20:02 EDT
Anderson,Kentucky,1476,27,12,0,0.8%,42259,9,38.00389555,-84.99099189,2021-02-02 20:02 EDT
Adair,Kentucky,1451,7,48,0,3.3%,1189,5,37.10413234,-85.28056524,2021-02-02 20:02 EDT
Bourbon,Kentucky,1416,9,5,1,0.4%,719,9,38.20667946,-84.21713594,2021-02-02 20:02 EDT
Russell,Kentucky,1407,14,34,0,2.4%,41549,0,36.99865461,-85.06210906,2021-02-02 20:02 EDT
Harrison,Kentucky,1367,8,6,0,0.4%,3939,5,38.44174035,-84.33140447,2021-02-02 20:02 EDT
Spencer,Kentucky,1330,4,5,0,0.4%,169,3,38.03247251,-85.32778935,2021-02-02 20:02 EDT
Garrard,Kentucky,1283,6,4,0,0.3%,3759,0,37.63950345,-84.53761253,2021-02-02 20:02 EDT
Mason,Kentucky,1260,2,26,0,2.1%,42639,2,38.59317648,-83.82493275,2021-02-02 20:02 EDT
Clinton,Kentucky,1238,4,23,0,1.9%,3879,8,36.72805423,-85.1335321,2021-02-02 20:02 EDT
Rockcastle,Kentucky,1215,6,12,0,1.0%,299,4,37.3650917,-84.31586714,2021-02-02 20:02 EDT
Union,Kentucky,1205,5,11,0,0.9%,309,2,37.65556766,-87.94014213,2021-02-02 20:02 EDT
Washington,Kentucky,1182,9,23,0,1.9%,199,4,37.75332635,-85.1747051,2021-02-02 20:02 EDT
Caldwell,Kentucky,1181,6,21,0,1.8%,46199,8,37.14530681,-87.86786040000001,2021-02-02 20:02 EDT
Monroe,Kentucky,1177,17,36,0,3.1%,44559,8,36.71217013,-85.71645567,2021-02-02 20:02 EDT
Butler,Kentucky,1176,10,18,0,1.5%,1949,5,37.20726577,-86.68169717,2021-02-02 20:02 EDT
Lee,Kentucky,1134,4,18,0,1.6%,3539,1,37.59472043,-83.71623663,2021-02-02 20:02 EDT
Jackson,Kentucky,1114,7,27,0,2.4%,1339,6,37.41970177,-84.00573306,2021-02-02 20:02 EDT
Henry,Kentucky,1091,1,6,0,0.5%,859,4,38.44839961,-85.1189002,2021-02-02 20:02 EDT
Lawrence,Kentucky,1089,9,11,0,1.0%,9,4,38.06781154,-82.73465677,2021-02-02 20:02 EDT
Casey,Kentucky,1086,10,29,0,2.7%,3469,1,37.32222628,-84.92836888,2021-02-02 20:02 EDT
Larue,Kentucky,1072,7,8,1,0.7%,4569,7,37.54571299,-85.69798634,2021-02-02 20:02 EDT
Webster,Kentucky,1052,2,17,0,1.6%,4719,7,37.51839014,-87.6830613,2021-02-02 20:02 EDT
Lewis,Kentucky,1018,1,30,0,2.9%,4629,8,38.52860048,-83.37853422,2021-02-02 20:02 EDT
Fleming,Kentucky,1006,9,12,0,1.2%,1459,3,38.37004169,-83.6965483,2021-02-02 20:02 EDT
Breckinridge,Kentucky,1003,0,5,0,0.5%,6489,1,37.77111651,-86.42761967,2021-02-02 20:02 EDT
Trigg,Kentucky,983,4,7,0,0.7%,359,5,36.80685699,-87.86279921,2021-02-02 20:02 EDT
Green,Kentucky,978,5,13,0,1.3%,2359,2,37.26410233,-85.55302864,2021-02-02 20:02 EDT
Todd,Kentucky,949,2,20,0,2.1%,259,3,36.83552893,-87.17901839,2021-02-02 20:02 EDT
Elliott,Kentucky,906,4,1,0,0.1%,48759,5,38.11782958,-83.0975677,2021-02-02 20:02 EDT
Powell,Kentucky,900,5,0,0,0.0%,1849,0,37.83107561,-83.82370472,2021-02-02 20:02 EDT
Knott,Kentucky,897,3,14,0,1.6%,1259,1,37.35396709,-82.95401902,2021-02-02 20:02 EDT
Estill,Kentucky,896,0,0,0,0.0%,2349,6,37.69242290200003,-83.96430255699994,2021-02-02 20:02 EDT
Martin,Kentucky,868,10,11,0,1.3%,1789,7,37.80147108,-82.51316895,2021-02-02 20:02 EDT
Pendleton,Kentucky,848,18,1,0,0.1%,3049,9,38.69510573,-84.36055831,2021-02-02 20:02 EDT
Breathitt,Kentucky,839,3,3,0,0.4%,1149,1,37.52154045,-83.32406528,2021-02-02 20:02 EDT
Carroll,Kentucky,819,11,10,0,1.2%,3179,8,38.66519733,-85.12098638,2021-02-02 20:02 EDT
Metcalfe,Kentucky,816,2,13,0,1.6%,42559,9,36.99051865,-85.62915693,2021-02-02 20:02 EDT
Magoffin,Kentucky,813,5,1,0,0.1%,4639,7,37.70634369,-83.06484882,2021-02-02 20:02 EDT
McLean,Kentucky,785,3,24,0,3.1%,829,5,37.52901694,-87.26340603,2021-02-02 20:02 EDT
Hancock,Kentucky,738,3,13,0,1.8%,549,9,37.83681779,-86.77728105,2021-02-02 20:02 EDT
Edmonson,Kentucky,734,11,15,0,2.0%,41207,4,37.20877814,-86.23849798,2021-02-02 20:02 EDT
Bath,Kentucky,702,1,14,0,2.0%,649,8,38.14492025,-83.74262034,2021-02-02 20:02 EDT
Leslie,Kentucky,700,4,2,0,0.3%,46099,7,37.09399622,-83.38111316,2021-02-02 20:02 EDT
Livingston,Kentucky,658,6,16,0,2.4%,4299,6,37.21034883,-88.34783238,2021-02-02 20:02 EDT
Cumberland,Kentucky,604,2,7,0,1.2%,1469,5,36.78727819,-85.38874089,2021-02-02 20:02 EDT
Gallatin,Kentucky,585,12,16,0,2.7%,167,5,38.75490788,-84.85749374,2021-02-02 20:02 EDT
Owen,Kentucky,571,8,7,0,1.2%,1899,0,38.51961161,-84.82815895,2021-02-02 20:02 EDT
Trimble,Kentucky,529,0,3,0,0.6%,4439,4,38.61133423,-85.33346712,2021-02-02 20:02 EDT
Crittenden,Kentucky,515,4,15,1,2.9%,199,7,37.35040149,-88.09471193,2021-02-02 20:02 EDT
Bracken,Kentucky,452,4,3,0,0.7%,2739,4,38.68640288,-84.09068301,2021-02-02 20:02 EDT
Fulton,Kentucky,444,0,4,0,0.9%,167,5,36.55274376,-89.16959959,2021-02-02 20:02 EDT
Lyon,Kentucky,423,0,12,0,2.8%,45339,3,37.0261669,-88.07899509,2021-02-02 20:02 EDT
Nicholas,Kentucky,423,0,5,0,1.2%,2639,4,38.33554333,-84.01526154,2021-02-02 20:02 EDT
Carlisle,Kentucky,408,0,1,0,0.2%,509,0,36.8531505,-88.96678583,2021-02-02 20:02 EDT
Wolfe,Kentucky,390,4,4,0,1.0%,47789,6,37.73925097,-83.49314790000003,2021-02-02 20:02 EDT
Owsley,Kentucky,365,1,10,0,2.7%,42009,0,37.41917429,-83.68302526,2021-02-02 20:02 EDT
Menifee,Kentucky,336,2,10,0,3.0%,46829,7,37.94133381,-83.59880155,2021-02-02 20:02 EDT
Ballard,Kentucky,313,3,3,0,1.0%,6199,0,37.05472677,-88.9938596,2021-02-02 20:02 EDT
Hickman,Kentucky,284,0,7,0,2.5%,3899,1,36.67725978,-88.97135961,2021-02-02 20:02 EDT
Robertson,Kentucky,180,1,10,0,5.6%,41259,0,38.51880892700007,-84.05197669799998,2021-02-02 20:02 EDT
Prince George's,Maryland,68295,193,1238,2,1.8%,1689,136,38.82838616,-76.84587073,2021-02-02 20:02 EDT
Montgomery,Maryland,59292,137,1313,3,2.2%,2119,966,39.13636819,-77.20403165,2021-02-02 20:02 EDT
Baltimore,Maryland,47608,106,1153,2,2.4%,349,581,39.29058,-76.60925999999998,2021-02-02 20:02 EDT
Baltimore City,Maryland,38120,96,822,1,2.2%,999,33,39.30194126,-76.61111168,2021-02-02 20:02 EDT
Anne Arundel,Maryland,33111,67,474,2,1.4%,227,202,39.00889701,-76.60328627,2021-02-02 20:02 EDT
Frederick,Maryland,15722,76,245,0,1.6%,3429,6,39.41574,-77.41203,2021-02-02 20:02 EDT
Howard,Maryland,14656,25,205,0,1.4%,519,18,39.25112784,-76.9312584,2021-02-02 20:02 EDT
Washington,Maryland,11494,23,228,1,2.0%,1789,92,39.60377466,-77.81425047,2021-02-02 20:02 EDT
Harford,Maryland,11450,39,209,1,1.8%,1219,93,39.55444035,-76.31583955,2021-02-02 20:02 EDT
Charles,Maryland,8087,27,145,0,1.8%,1159,68,38.47410423,-77.01286707,2021-02-02 20:02 EDT
Carroll,Maryland,7001,18,194,0,2.8%,4139,4,39.5629588,-77.02246566,2021-02-02 20:02 EDT
Wicomico,Maryland,6371,19,128,0,2.0%,3389,31,38.37029175,-75.62980988,2021-02-02 20:02 EDT
Allegany,Maryland,6212,7,186,2,3.0%,2939,6,39.62145588,-78.69896829999998,2021-02-02 20:02 EDT
Cecil,Maryland,4776,9,111,0,2.3%,327,36,39.56916959,-75.94199571,2021-02-02 20:02 EDT
St. Mary's,Maryland,4618,7,105,0,2.3%,172,7,38.234005700000004,-76.58157553,2021-02-02 20:02 EDT
Calvert,Maryland,3438,10,61,0,1.8%,2169,49,38.54020822,-76.56511395,2021-02-02 20:02 EDT
Worcester,Maryland,3085,3,78,0,2.5%,3619,9,38.22216753,-75.35774125,2021-02-02 20:02 EDT
Queen Anne's,Maryland,2378,8,34,0,1.4%,339,3,39.065317799999995,-76.03322349,2021-02-02 20:02 EDT
Somerset,Maryland,2261,8,26,0,1.1%,339,1,38.11700325,-75.75260446,2021-02-02 20:02 EDT
Dorchester,Maryland,2106,3,36,1,1.7%,3319,7,38.47690306,-76.02633077,2021-02-02 20:02 EDT
Caroline,Maryland,1902,3,16,0,0.8%,3199,6,38.87170704,-75.83158374,2021-02-02 20:02 EDT
Garrett,Maryland,1798,0,58,1,3.2%,569,4,39.52844386,-79.27379962,2021-02-02 20:02 EDT
Talbot,Maryland,1707,16,23,1,1.3%,4689,4,38.75926446,-76.11366953,2021-02-02 20:02 EDT
Kent,Maryland,1053,5,36,0,3.4%,409,9,39.23898661,-76.05743664,2021-02-02 20:02 EDT
Salt Lake,Utah,130734,459,689,9,0.5%,1799,350,40.76031,-111.88821999999999,2021-02-02 20:02 EDT
Utah,Utah,84833,284,289,2,0.3%,2129,271,40.11356385,-111.6594534,2021-02-02 20:02 EDT
Davis,Utah,32210,116,121,1,0.4%,1869,39,40.99973617,-111.9800051,2021-02-02 20:02 EDT
Weber-Morgan,Utah,26240,60,144,1,0.5%,3359,90,41.2245943,-111.9703114,2021-02-02 20:02 EDT
Southwest Utah,Utah,24863,77,206,2,0.8%,246,53,37.00357734,-112.9680908,2021-02-02 20:02 EDT
Bear River,Utah,18685,77,62,1,0.3%,2099,33,41.45827,-112.29023000000001,2021-02-02 20:02 EDT
Central Utah,Utah,7753,17,47,0,0.6%,349,6,40.10220136,-111.6472188,2021-02-02 20:02 EDT
Tooele,Utah,5959,26,23,0,0.4%,1529,89,40.534079999999996,-112.29848999999999,2021-02-02 20:02 EDT
Summit,Utah,4622,18,7,0,0.2%,3869,62,40.86809857,-110.95584640000001,2021-02-02 20:02 EDT
Wasatch,Utah,4099,8,17,1,0.4%,2749,38,40.3304771,-111.1683986,2021-02-02 20:02 EDT
TriCounty,Utah,3209,19,27,0,0.8%,539,24,40.11356385,-111.6594534,2021-02-02 20:02 EDT
Southeast Utah,Utah,2632,41,17,0,0.6%,4649,16,37.00357734,-112.9680908,2021-02-02 20:02 EDT
San Juan,Utah,1759,0,36,0,2.0%,7019,0,37.62844039,-109.7956619,2021-02-02 20:02 EDT
Polk,Iowa,48240,173,500,0,1.0%,1569,177,41.68541161,-93.57344237,2021-02-02 20:02 EDT
Linn,Iowa,18596,41,294,1,1.6%,4274,65,42.07892466,-91.59896388,2021-02-02 20:02 EDT
Scott,Iowa,16301,40,182,0,1.1%,2349,74,41.63840205,-90.62636833,2021-02-02 20:02 EDT
Black Hawk,Iowa,14392,11,261,0,1.8%,3739,54,42.4478,-92.3814,2021-02-02 20:02 EDT
Woodbury,Iowa,13280,18,198,1,1.5%,2599,26,42.38968602,-96.04419776,2021-02-02 20:02 EDT
Johnson,Iowa,12512,28,62,0,0.5%,2349,83,41.67149574,-91.58805417,2021-02-02 20:02 EDT
Dubuque,Iowa,11848,15,177,1,1.5%,4239,77,42.46775473,-90.88529555,2021-02-02 20:02 EDT
Dallas,Iowa,9396,31,78,0,0.8%,4119,66,41.68481683,-94.03976204,2021-02-02 20:02 EDT
Pottawattamie,Iowa,9363,18,126,0,1.3%,1519,74,41.33665838,-95.54141965,2021-02-02 20:02 EDT
Story,Iowa,9044,23,40,0,0.4%,4839,96,42.03623740000001,-93.46504889,2021-02-02 20:02 EDT
Cerro Gordo,Iowa,4825,7,74,0,1.5%,349,0,43.08152434,-93.26079705,2021-02-02 20:02 EDT
Warren,Iowa,4780,15,59,0,1.2%,217,59,41.33428574,-93.56143955,2021-02-02 20:02 EDT
Webster,Iowa,4777,2,81,0,1.7%,5789,7,42.42794861,-94.18173034,2021-02-02 20:02 EDT
Clinton,Iowa,4727,13,72,0,1.5%,41119,20,41.89801588,-90.53945806,2021-02-02 20:02 EDT
Sioux,Iowa,4638,7,64,2,1.4%,4589,2,43.08258788,-96.1778997,2021-02-02 20:02 EDT
Marshall,Iowa,4403,17,68,0,1.5%,4259,5,42.03583981,-92.99876841,2021-02-02 20:02 EDT
Des Moines,Iowa,4043,1,53,0,1.3%,3949,6,40.92328,-91.18224000000001,2021-02-02 20:02 EDT
Muscatine,Iowa,4018,6,83,0,2.1%,3079,2,41.48475598,-91.1149298,2021-02-02 20:02 EDT
Buena Vista,Iowa,4010,1,35,0,0.9%,1199,7,42.6705,-95.1432,2021-02-02 20:02 EDT
Wapello,Iowa,3607,11,100,0,2.8%,2069,7,41.03057507,-92.40942549,2021-02-02 20:02 EDT
Plymouth,Iowa,3568,3,73,1,2.0%,1949,9,42.73782643,-96.21405736,2021-02-02 20:02 EDT
Jasper,Iowa,3414,7,63,0,1.8%,4039,4,41.68604255,-93.05376032,2021-02-02 20:02 EDT
Lee,Iowa,3379,10,42,0,1.2%,4389,10,40.64456309,-91.48456623,2021-02-02 20:02 EDT
Marion,Iowa,3199,9,59,0,1.8%,42399,8,41.33443597,-93.09939917,2021-02-02 20:02 EDT
Jones,Iowa,2785,0,53,0,1.9%,349,1,42.12120433,-91.13142695,2021-02-02 20:02 EDT
Henry,Iowa,2722,2,33,0,1.2%,6039,3,40.98792991,-91.54452513,2021-02-02 20:02 EDT
Carroll,Iowa,2597,1,43,0,1.7%,7919,0,42.06585,-94.86793,2021-02-02 20:02 EDT
Bremer,Iowa,2548,7,51,0,2.0%,3029,4,42.77457397,-92.31801967,2021-02-02 20:02 EDT
Crawford,Iowa,2396,8,31,0,1.3%,3339,8,42.03720125,-95.38196745,2021-02-02 20:02 EDT
Boone,Iowa,2291,5,24,0,1.0%,189,0,42.03648664,-93.93163855,2021-02-02 20:02 EDT
Washington,Iowa,2290,13,39,0,1.7%,2359,2,41.33558131,-91.71785751,2021-02-02 20:02 EDT
Benton,Iowa,2183,5,51,0,2.3%,659,3,42.08016866,-92.06571769,2021-02-02 20:02 EDT
Mahaska,Iowa,2045,5,40,0,2.0%,1369,7,41.33520696,-92.64086649,2021-02-02 20:02 EDT
Jackson,Iowa,1996,3,35,0,1.8%,349,1,42.17124821,-90.57708592,2021-02-02 20:02 EDT
Tama,Iowa,1944,3,61,0,3.1%,1719,4,42.0797935,-92.53253128,2021-02-02 20:02 EDT
Dickinson,Iowa,1913,3,34,2,1.8%,409,1,43.37794786,-95.15082173,2021-02-02 20:02 EDT
Kossuth,Iowa,1879,23,49,0,2.6%,1599,9,43.20410083,-94.2067098,2021-02-02 20:02 EDT
Delaware,Iowa,1801,10,37,0,2.1%,3669,6,42.47122117,-91.36734318,2021-02-02 20:02 EDT
Clay,Iowa,1762,5,24,1,1.4%,4449,0,43.08256477,-95.15090887,2021-02-02 20:02 EDT
O'Brien,Iowa,1729,4,58,0,3.4%,6159,0,43.08373006,-95.62485018,2021-02-02 20:02 EDT
Fayette,Iowa,1697,2,26,0,1.5%,4369,1,42.86258735,-91.84431225,2021-02-02 20:02 EDT
Wright,Iowa,1690,1,28,0,1.7%,709,2,42.73313132,-93.73509854,2021-02-02 20:02 EDT
Buchanan,Iowa,1664,9,24,0,1.4%,42199,9,42.47077114,-91.83782472,2021-02-02 20:02 EDT
Winneshiek,Iowa,1659,6,24,0,1.4%,2339,6,43.29067088,-91.84366779,2021-02-02 20:02 EDT
Hamilton,Iowa,1652,3,36,0,2.2%,419,3,42.3837659,-93.70676641,2021-02-02 20:02 EDT
Harrison,Iowa,1614,0,65,0,4.0%,3169,6,41.683014,-95.81552401,2021-02-02 20:02 EDT
Hardin,Iowa,1610,4,33,0,2.0%,1719,9,42.38386938,-93.24038403,2021-02-02 20:02 EDT
Cedar,Iowa,1595,3,20,0,1.3%,569,4,41.77230011,-91.13239406,2021-02-02 20:02 EDT
Clayton,Iowa,1560,2,51,0,3.3%,3799,8,42.84517476,-91.34612511,2021-02-02 20:02 EDT
Butler,Iowa,1539,3,29,0,1.9%,7089,4,42.73155399,-92.79015308,2021-02-02 20:02 EDT
Page,Iowa,1526,2,17,0,1.1%,1149,9,40.73914067,-95.15011184,2021-02-02 20:02 EDT
Floyd,Iowa,1438,4,38,0,2.6%,3459,9,43.05990539,-92.78901508,2021-02-02 20:02 EDT
Cherokee,Iowa,1411,2,32,1,2.3%,5339,0,42.7356002,-95.62379458,2021-02-02 20:02 EDT
Mills,Iowa,1407,6,17,0,1.2%,459,1,41.03346699,-95.6211675,2021-02-02 20:02 EDT
Lyon,Iowa,1399,2,37,2,2.6%,319,0,43.38047996,-96.21025322,2021-02-02 20:02 EDT
Poweshiek,Iowa,1398,7,27,0,1.9%,44839,3,41.68644382,-92.53147276,2021-02-02 20:02 EDT
Hancock,Iowa,1346,1,25,0,1.9%,3459,9,43.08186715,-93.73425475,2021-02-02 20:02 EDT
Allamakee,Iowa,1329,0,37,0,2.8%,6679,3,43.28531816,-91.3847131,2021-02-02 20:02 EDT
Iowa,Iowa,1316,3,23,0,1.7%,839,3,41.6863118,-92.06548755,2021-02-02 20:02 EDT
Madison,Iowa,1316,18,12,0,0.9%,4539,0,41.33063675,-94.01559118,2021-02-02 20:02 EDT
Calhoun,Iowa,1251,2,9,0,0.7%,3339,2,42.38516233,-94.64041401,2021-02-02 20:02 EDT
Winnebago,Iowa,1249,1,30,0,2.4%,5719,8,43.37755818,-93.73418061,2021-02-02 20:02 EDT
Grundy,Iowa,1245,3,28,0,2.2%,3919,4,42.40185984,-92.79140302,2021-02-02 20:02 EDT
Jefferson,Iowa,1240,4,29,0,2.3%,3759,5,41.03175587,-91.94885737,2021-02-02 20:02 EDT
Louisa,Iowa,1185,2,34,1,2.9%,9,8,41.21883941,-91.26339972,2021-02-02 20:02 EDT
Cass,Iowa,1182,2,45,0,3.8%,44299,0,41.33149137,-94.92784221,2021-02-02 20:02 EDT
Mitchell,Iowa,1181,2,39,0,3.3%,9,0,43.35641925,-92.78903601,2021-02-02 20:02 EDT
Chickasaw,Iowa,1152,2,12,0,1.0%,5529,3,43.06001424,-92.31767466,2021-02-02 20:02 EDT
Appanoose,Iowa,1146,0,43,0,3.8%,5679,3,40.74313064,-92.86855896,2021-02-02 20:02 EDT
Union,Iowa,1146,1,27,0,2.4%,4749,0,41.02771609,-94.24240184,2021-02-02 20:02 EDT
Sac,Iowa,1145,2,17,0,1.5%,2119,5,42.38626686,-95.10537185,2021-02-02 20:02 EDT
Emmet,Iowa,1115,0,35,0,3.1%,9,0,43.37801813,-94.67848996,2021-02-02 20:02 EDT
Shelby,Iowa,1102,1,29,0,2.6%,469,7,41.68508711,-95.3101883,2021-02-02 20:02 EDT
Humboldt,Iowa,1091,6,20,0,1.8%,4359,3,42.77643292,-94.2071497,2021-02-02 20:02 EDT
Guthrie,Iowa,1057,0,27,0,2.6%,3129,1,41.68374619,-94.50104262,2021-02-02 20:02 EDT
Franklin,Iowa,1057,1,19,0,1.8%,9,0,42.73250078,-93.26248671,2021-02-02 20:02 EDT
Palo Alto,Iowa,938,1,16,0,1.7%,4299,2,43.08205362,-94.67813299,2021-02-02 20:02 EDT
Montgomery,Iowa,925,4,30,0,3.2%,4269,7,41.03012911,-95.15635913,2021-02-02 20:02 EDT
Howard,Iowa,907,2,20,0,2.2%,46219,7,43.35673567,-92.31718002,2021-02-02 20:02 EDT
Keokuk,Iowa,875,5,28,0,3.2%,2149,1,41.33645847,-92.17861198,2021-02-02 20:02 EDT
Clarke,Iowa,864,12,13,0,1.5%,4639,4,41.02901924,-93.78520022,2021-02-02 20:02 EDT
Monroe,Iowa,841,3,26,0,3.1%,2229,4,41.02975027,-92.86897744,2021-02-02 20:02 EDT
Pocahontas,Iowa,793,2,17,0,2.1%,5839,0,42.73410902,-94.67873923,2021-02-02 20:02 EDT
Ida,Iowa,786,4,30,0,3.8%,2089,9,42.38691973,-95.51350056,2021-02-02 20:02 EDT
Monona,Iowa,731,8,21,0,2.9%,3459,6,42.05181005,-95.9595884,2021-02-02 20:02 EDT
Davis,Iowa,716,2,23,0,3.2%,779,2,40.74761821,-92.40968009,2021-02-02 20:02 EDT
Adair,Iowa,709,2,24,0,3.4%,4109,1,41.33074348,-94.47094644,2021-02-02 20:02 EDT
Greene,Iowa,709,6,8,0,1.1%,41009,2,42.03624763,-94.39679526,2021-02-02 20:02 EDT
Lucas,Iowa,680,3,12,0,1.8%,5249,0,41.02933992,-93.32774291,2021-02-02 20:02 EDT
Osceola,Iowa,655,1,12,0,1.8%,5459,0,43.37854779999999,-95.62368798,2021-02-02 20:02 EDT
Worth,Iowa,629,1,4,0,0.6%,5629,0,43.37740541,-93.26084557,2021-02-02 20:02 EDT
Taylor,Iowa,617,5,11,0,1.8%,4509,5,40.73741701,-94.69637958,2021-02-02 20:02 EDT
Fremont,Iowa,534,1,8,0,1.5%,709,0,40.74556739,-95.60470015,2021-02-02 20:02 EDT
Decatur,Iowa,520,7,5,0,1.0%,4667,0,40.737674299999995,-93.78629393,2021-02-02 20:02 EDT
Van Buren,Iowa,517,3,16,0,3.1%,46259,3,40.7001,-91.9099,2021-02-02 20:02 EDT
Ringgold,Iowa,476,10,12,0,2.5%,5179,4,40.73520772,-94.24398562,2021-02-02 20:02 EDT
Audubon,Iowa,435,2,8,0,1.8%,42229,1,41.68462539,-94.90580367,2021-02-02 20:02 EDT
Wayne,Iowa,427,1,21,0,4.9%,4167,0,40.7394247,-93.32734191,2021-02-02 20:02 EDT
Adams,Iowa,309,1,3,0,1.0%,9,0,41.02898436,-94.69920309999999,2021-02-02 20:02 EDT
King,Washington,78389,0,1252,0,1.6%,959,243,47.49011813,-121.8043324,2021-02-02 20:02 EDT
Pierce,Washington,34287,0,469,0,1.4%,2389,351,47.02270813,-122.1014408,2021-02-02 20:02 EDT
Spokane,Washington,33477,0,469,0,1.4%,4669,262,47.65726,-117.41228000000001,2021-02-02 20:02 EDT
Snohomish,Washington,27866,0,490,0,1.8%,1219,3,47.9124,-122.09306000000001,2021-02-02 20:02 EDT
Benton and Franklin,Washington,24576,0,281,0,1.1%,3139,27,48.113459999999996,-122.76554850000001,2021-02-02 20:02 EDT
Yakima,Washington,24566,0,368,0,1.5%,109,73,46.60448,-120.50721000000001,2021-02-02 20:02 EDT
Clark,Washington,17644,0,193,0,1.1%,1049,35,45.78187331,-122.48127849999999,2021-02-02 20:02 EDT
Grant,Washington,7167,0,58,0,0.8%,2259,72,47.19885794,-119.4525987,2021-02-02 20:02 EDT
Thurston,Washington,6417,0,67,0,1.0%,2719,58,46.91980578,-122.82986909999998,2021-02-02 20:02 EDT
Chelan,Washington,5743,0,50,0,0.9%,1229,29,47.86707169,-120.62526770000001,2021-02-02 20:02 EDT
Whatcom,Washington,5641,0,65,0,1.2%,89,72,48.82559702,-121.7174182,2021-02-02 20:02 EDT
Kitsap,Washington,5168,0,68,0,1.3%,2939,74,47.47496219,-122.6085325,2021-02-02 20:02 EDT
Walla Walla,Washington,4424,0,49,0,1.1%,1149,40,46.070679999999996,-118.34261000000001,2021-02-02 20:02 EDT
Skagit,Washington,4116,0,52,0,1.3%,2339,32,48.47933023,-121.72808020000001,2021-02-02 20:02 EDT
Cowlitz,Washington,3775,0,43,0,1.1%,2879,38,46.19454048,-122.67832720000001,2021-02-02 20:02 EDT
Lewis,Washington,3337,0,39,0,1.2%,1269,59,46.57779491,-122.39291580000001,2021-02-02 20:02 EDT
Whitman,Washington,3157,0,38,0,1.2%,5169,5,46.90122074,-117.5230423,2021-02-02 20:02 EDT
Douglas,Washington,3024,0,19,0,0.6%,239,7,47.73469002,-119.68992820000001,2021-02-02 20:02 EDT
Grays Harbor,Washington,3012,0,33,0,1.1%,41159,45,47.15055235,-123.7737432,2021-02-02 20:02 EDT
Mason,Washington,2126,0,18,0,0.8%,2939,5,38.61504,-83.80988,2021-02-02 20:02 EDT
Kittitas,Washington,2070,0,30,0,1.4%,3219,8,46.98472,-120.41752,2021-02-02 20:02 EDT
Okanogan,Washington,2031,0,34,0,1.7%,9,6,48.55010298,-119.7417246,2021-02-02 20:02 EDT
Pacific,Washington,2020,0,8,0,0.4%,4352639,378,46.55561797,-123.70361059999999,2021-02-02 20:02 EDT
Adams,Washington,1809,0,20,0,1.1%,4444,2,31.57937,-91.29694,2021-02-02 20:02 EDT
Stevens,Washington,1472,0,21,0,1.4%,42989,1,48.39910635,-117.8493243,2021-02-02 20:02 EDT
Asotin,Washington,1236,0,26,0,2.1%,6319,4,46.19187996,-117.2031186,2021-02-02 20:02 EDT
Island,Washington,1193,0,22,0,1.8%,4449,5,48.19160936,-122.6650075,2021-02-02 20:02 EDT
Clallam,Washington,906,0,5,0,0.6%,359,6,48.0493204,-123.93266750000001,2021-02-02 20:02 EDT
Klickitat,Washington,609,0,5,0,0.8%,5199,3,45.87640914,-120.79203970000002,2021-02-02 20:02 EDT
Pend Oreille,Washington,563,0,5,0,0.9%,3649,4,48.53231356,-117.27402679999999,2021-02-02 20:02 EDT
Lincoln,Washington,311,0,6,0,1.9%,1119,0,47.57305061,-118.4177041,2021-02-02 20:02 EDT
Jefferson,Washington,308,0,2,0,0.6%,411829,4,47.74810608,-123.6000095,2021-02-02 20:02 EDT
Skamania,Washington,244,0,1,0,0.4%,3339,0,46.02566309,-121.91531100000002,2021-02-02 20:02 EDT
Ferry,Washington,200,0,4,0,2.0%,9,0,48.47715754,-118.51959740000001,2021-02-02 20:02 EDT
Garfield,Washington,104,0,4,0,3.8%,9,0,46.43156516100005,-117.54525990799999,2021-02-02 20:02 EDT
Columbia,Washington,102,0,4,0,3.9%,0,0,46.29757684,-117.90786340000001,2021-02-02 20:02 EDT
San Juan,Washington,96,0,5,0,5.2%,43009,0,48.57822862,-122.962979,2021-02-02 20:02 EDT
Wahkiakum,Washington,69,0,2,0,2.9%,41009,0,46.295910799999994,-123.4253785,2021-02-02 20:02 EDT
Pulaski,Arkansas,34331,285,517,7,1.5%,449,768,34.7699724,-92.31185941,2021-02-02 20:02 EDT
Washington,Arkansas,27806,87,309,2,1.1%,3559,47,35.97848657,-94.21608058,2021-02-02 20:02 EDT
Benton,Arkansas,25307,127,357,7,1.4%,2489,84,36.33868029,-94.26727035,2021-02-02 20:02 EDT
Sebastian,Arkansas,13651,62,233,1,1.7%,3979,59,35.1997061,-94.27397890000002,2021-02-02 20:02 EDT
Craighead,Arkansas,12236,48,170,4,1.4%,2869,60,35.83079873,-90.6328846,2021-02-02 20:02 EDT
Faulkner,Arkansas,10755,75,136,0,1.3%,1199,83,35.14701999,-92.33200932,2021-02-02 20:02 EDT
Saline,Arkansas,10519,71,150,1,1.4%,649,83,34.64658812,-92.67646306,2021-02-02 20:02 EDT
Garland,Arkansas,8451,40,208,1,2.5%,417,23,34.5748238,-93.14091331,2021-02-02 20:02 EDT
Jefferson,Arkansas,8118,29,151,1,1.9%,639,87,34.37911,-92.16608000000001,2021-02-02 20:02 EDT
Pope,Arkansas,7231,27,87,1,1.2%,4519,1,35.44964724,-93.03170972,2021-02-02 20:02 EDT
White,Arkansas,6631,55,91,1,1.4%,339,25,35.25618796,-91.74563208,2021-02-02 20:02 EDT
Crawford,Arkansas,6251,36,92,1,1.5%,4319,27,35.58889461,-94.24271109,2021-02-02 20:02 EDT
Lonoke,Arkansas,6044,51,103,0,1.7%,1219,34,34.75424928,-91.88865876,2021-02-02 20:02 EDT
Greene,Arkansas,5565,22,66,1,1.2%,1199,99,36.11769283,-90.55908335,2021-02-02 20:02 EDT
Crittenden,Arkansas,5402,25,86,2,1.6%,2539,33,35.21285106,-90.31079445,2021-02-02 20:02 EDT
Mississippi,Arkansas,5311,27,107,1,2.0%,4319,2,35.76297412,-90.05832522,2021-02-02 20:02 EDT
Hot Spring,Arkansas,4440,19,65,3,1.5%,1249,49,34.5096,-93.05176999999999,2021-02-02 20:02 EDT
Independence,Arkansas,3489,25,113,0,3.2%,449,5,35.74157106,-91.56966287,2021-02-02 20:02 EDT
Miller,Arkansas,3410,12,29,0,0.9%,2119,16,33.31217714,-93.89155053,2021-02-02 20:02 EDT
Boone,Arkansas,3364,18,74,0,2.2%,2449,49,36.30555717,-93.09403218,2021-02-02 20:02 EDT
Union,Arkansas,3363,26,92,0,2.7%,349,42,33.17135934,-92.59719635,2021-02-02 20:02 EDT
St. Francis,Arkansas,3326,7,33,1,1.0%,4649,2,36.45339,-90.14538,2021-02-02 20:02 EDT
Jackson,Arkansas,3088,6,32,0,1.0%,410389,3,35.5991177,-91.21476022,2021-02-02 20:02 EDT
Yell,Arkansas,3078,22,63,0,2.0%,3339,6,35.00142878,-93.41181717,2021-02-02 20:02 EDT
Lincoln,Arkansas,3057,3,39,0,1.3%,2919,9,33.95743778,-91.73326105,2021-02-02 20:02 EDT
Poinsett,Arkansas,2950,11,72,0,2.4%,3369,5,35.57401934,-90.66294985,2021-02-02 20:02 EDT
Baxter,Arkansas,2653,7,95,0,3.6%,339,7,36.28677497,-92.33624877,2021-02-02 20:02 EDT
Carroll,Arkansas,2597,7,39,0,1.5%,41199,4,36.34030384,-93.53514658,2021-02-02 20:02 EDT
Johnson,Arkansas,2528,14,29,0,1.1%,99,15,35.57437299,-93.46009753,2021-02-02 20:02 EDT
Sevier,Arkansas,2365,10,25,0,1.1%,2369,2,34.00152704,-94.2459912,2021-02-02 20:02 EDT
Conway,Arkansas,2001,12,28,0,1.4%,2899,6,35.26225771,-92.70139834,2021-02-02 20:02 EDT
Logan,Arkansas,1990,9,17,0,0.9%,4269,0,35.21139883,-93.72250147,2021-02-02 20:02 EDT
Ouachita,Arkansas,1986,12,45,0,2.3%,4189,13,33.59334388,-92.88186493,2021-02-02 20:02 EDT
Columbia,Arkansas,1957,15,52,1,2.7%,4819,0,33.2142907,-93.22727591,2021-02-02 20:02 EDT
Lawrence,Arkansas,1927,7,41,0,2.1%,219,9,36.04124168,-91.10704266,2021-02-02 20:02 EDT
Drew,Arkansas,1874,4,32,1,1.7%,279,3,33.58940082,-91.71999099,2021-02-02 20:02 EDT
Clark,Arkansas,1855,8,35,1,1.9%,1769,9,34.05093091,-93.17636915,2021-02-02 20:02 EDT
Randolph,Arkansas,1850,7,46,0,2.5%,1179,3,36.34145846,-91.02757441,2021-02-02 20:02 EDT
Cross,Arkansas,1828,7,45,2,2.5%,4739,9,35.29573539,-90.77112981,2021-02-02 20:02 EDT
Arkansas,Arkansas,1798,21,36,0,2.0%,1369,2,34.29039741,-91.37468272,2021-02-02 20:02 EDT
Cleburne,Arkansas,1771,6,60,0,3.4%,159,8,35.53823179,-92.02015419,2021-02-02 20:02 EDT
Polk,Arkansas,1676,12,56,0,3.3%,1769,6,34.48583719,-94.22803347,2021-02-02 20:02 EDT
Ashley,Arkansas,1654,6,27,0,1.6%,3489,0,33.19117581,-91.76843981,2021-02-02 20:02 EDT
Hempstead,Arkansas,1644,2,14,0,0.9%,4429,3,33.73540437,-93.66564551,2021-02-02 20:02 EDT
Phillips,Arkansas,1616,5,31,0,1.9%,41029,5,34.43065818,-90.85304477,2021-02-02 20:02 EDT
Lee,Arkansas,1600,3,33,0,2.1%,6799,0,34.78109975,-90.78416433,2021-02-02 20:02 EDT
Clay,Arkansas,1581,8,42,0,2.7%,2419,1,36.368398799999994,-90.41716523,2021-02-02 20:02 EDT
Izard,Arkansas,1579,21,36,0,2.3%,4439,8,36.09466592,-91.91347456,2021-02-02 20:02 EDT
Chicot,Arkansas,1563,7,38,0,2.4%,4599,0,33.26775053,-91.29937614,2021-02-02 20:02 EDT
Franklin,Arkansas,1516,7,31,0,2.0%,4869,4,35.51316912,-93.8906772,2021-02-02 20:02 EDT
Sharp,Arkansas,1449,1,47,1,3.2%,2169,9,36.16121113,-91.47977484,2021-02-02 20:02 EDT
Grant,Arkansas,1407,17,28,0,2.0%,42119,9,34.28999747,-92.42363523,2021-02-02 20:02 EDT
Howard,Arkansas,1381,22,23,0,1.7%,729,4,34.09088335,-93.99382305,2021-02-02 20:02 EDT
Madison,Arkansas,1348,5,18,0,1.3%,3339,8,36.0109421,-93.72448737,2021-02-02 20:02 EDT
Bradley,Arkansas,1254,2,29,0,2.3%,447,5,33.46640703,-92.16234190000002,2021-02-02 20:02 EDT
Desha,Arkansas,1223,5,17,0,1.4%,4819,7,33.83116182,-91.26175375,2021-02-02 20:02 EDT
Van Buren,Arkansas,1130,12,14,0,1.2%,42959,9,35.43677,-94.34877,2021-02-02 20:02 EDT
Little River,Arkansas,1048,5,40,0,3.8%,3029,7,35.80819,-90.10061,2021-02-02 20:02 EDT
Fulton,Arkansas,1030,4,43,1,4.2%,259,2,36.38163356,-91.81816740000001,2021-02-02 20:02 EDT
Stone,Arkansas,926,1,29,0,3.1%,749,5,35.85978303,-92.15688838,2021-02-02 20:02 EDT
Pike,Arkansas,882,3,19,0,2.2%,4239,5,34.16347037,-93.65639964,2021-02-02 20:02 EDT
Marion,Arkansas,876,6,27,0,3.1%,2989,3,36.25646574,-92.68408757,2021-02-02 20:02 EDT
Scott,Arkansas,874,4,14,0,1.6%,179,9,34.86076505,-94.06328025,2021-02-02 20:02 EDT
Cleveland,Arkansas,814,12,23,0,2.8%,329,1,33.89832891,-92.18510673,2021-02-02 20:02 EDT
Prairie,Arkansas,803,6,21,0,2.6%,41029,5,34.82981191,-91.55273292,2021-02-02 20:02 EDT
Monroe,Arkansas,739,4,15,1,2.0%,659,8,34.67787182,-91.20388825,2021-02-02 20:02 EDT
Nevada,Arkansas,722,3,23,0,3.2%,259,0,33.66395352,-93.30711378,2021-02-02 20:02 EDT
Perry,Arkansas,685,3,7,0,1.0%,9,3,34.94739866,-92.93130692,2021-02-02 20:02 EDT
Dallas,Arkansas,676,7,12,0,1.8%,659,9,33.96986409,-92.65439065,2021-02-02 20:02 EDT
Montgomery,Arkansas,660,3,27,0,4.1%,227,7,34.53739849,-93.66394404,2021-02-02 20:02 EDT
Newton,Arkansas,654,6,26,0,4.0%,289,8,35.91996997,-93.21779627,2021-02-02 20:02 EDT
Searcy,Arkansas,621,5,14,0,2.3%,4459,3,35.91086238,-92.69948735,2021-02-02 20:02 EDT
Woodruff,Arkansas,565,5,8,1,1.4%,599,2,35.18627459,-91.24306034,2021-02-02 20:02 EDT
Lafayette,Arkansas,457,2,7,0,1.5%,3959,3,33.24099212,-93.6070323,2021-02-02 20:02 EDT
Calhoun,Arkansas,352,2,2,0,0.6%,4169,9,33.558064423000076,-92.50297524899996,2021-02-02 20:02 EDT
Clark,Nevada,215469,689,3313,36,1.5%,2089,743,36.21709974,-115.0246913,2021-02-02 20:02 EDT
Washoe,Nevada,41450,0,601,0,1.4%,2319,70,40.68696023,-119.66599099999999,2021-02-02 20:02 EDT
Carson City,Nevada,5714,0,105,0,1.8%,4599,0,39.16506,-119.76697,2021-02-02 20:02 EDT
Elko,Nevada,4294,0,44,0,1.0%,3339,4,41.14580867,-115.3577152,2021-02-02 20:02 EDT
Nye,Nevada,2623,23,79,5,3.0%,3839,2,38.04248986,-116.47191640000001,2021-02-02 20:02 EDT
Lyon,Nevada,2607,0,54,0,2.1%,4669,7,39.02040823,-119.1891814,2021-02-02 20:02 EDT
Douglas,Nevada,2394,0,29,0,1.2%,5379,8,38.9074167,-119.60363500000001,2021-02-02 20:02 EDT
Churchill,Nevada,1839,9,48,0,2.6%,199,3,39.58084829999999,-118.33582620000001,2021-02-02 20:02 EDT
Humboldt,Nevada,1013,0,13,0,1.3%,7089,0,41.406846,-118.1119305,2021-02-02 20:02 EDT
Pershing,Nevada,905,0,18,0,2.0%,44857,1,40.44033215,-118.4043086,2021-02-02 20:02 EDT
White Pine,Nevada,466,0,5,0,1.1%,5319,5,39.44216084,-114.901646,2021-02-02 20:02 EDT
Lander,Nevada,433,0,8,0,1.8%,6259,0,39.933703,-117.0378405,2021-02-02 20:02 EDT
Lincoln,Nevada,344,0,1,0,0.3%,7899,0,37.64325745,-114.8773955,2021-02-02 20:02 EDT
Mineral,Nevada,272,4,4,0,1.5%,46209,6,38.53664713,-118.43158419999999,2021-02-02 20:02 EDT
Storey,Nevada,71,0,2,0,2.8%,1009,0,39.44640072,-119.5293702,2021-02-02 20:02 EDT
Eureka,Nevada,44,0,0,0,0.0%,0,0,39.98407297,-116.2685354,2021-02-02 20:02 EDT
Esmeralda,Nevada,36,0,0,0,0.0%,1009,0,37.78477566400005,-117.63234977299999,2021-02-02 20:02 EDT
Sedgwick,Kansas,50270,386,537,4,1.1%,46769,46,37.68476054,-97.46094701,2021-02-02 20:02 EDT
Johnson,Kansas,50030,389,662,7,1.3%,4139,133,38.88377293,-94.82222518,2021-02-02 20:02 EDT
Wyandotte,Kansas,18216,102,232,2,1.3%,44019,65,39.11407013,-94.76524274,2021-02-02 20:02 EDT
Shawnee,Kansas,15278,131,276,2,1.8%,4406,48,39.04151561,-95.75649374,2021-02-02 20:02 EDT
Douglas,Kansas,8096,91,64,0,0.8%,2019,78,38.88462907,-95.29255463,2021-02-02 20:02 EDT
Reno,Kansas,8059,40,121,5,1.5%,43569,17,37.95295469,-98.08600655,2021-02-02 20:02 EDT
Butler,Kansas,6804,39,61,2,0.9%,44199,20,37.78128093,-96.83903083,2021-02-02 20:02 EDT
Leavenworth,Kansas,6247,61,60,5,1.0%,44849,79,39.19872397,-95.03852507,2021-02-02 20:02 EDT
Riley,Kansas,6002,68,30,0,0.5%,4059,3,39.29608689,-96.73525727,2021-02-02 20:02 EDT
Finney,Kansas,5897,18,67,0,1.1%,4859,4,38.04433633,-100.7369916,2021-02-02 20:02 EDT
Saline,Kansas,5606,64,98,2,1.7%,47849,39,38.78378896,-97.64990848,2021-02-02 20:02 EDT
Ford,Kansas,5462,3,52,1,1.0%,43579,8,37.69171326,-99.88798241,2021-02-02 20:02 EDT
Crawford,Kansas,4222,23,59,3,1.4%,48449,66,37.50733501,-94.85179824,2021-02-02 20:02 EDT
Lyon,Kansas,3879,17,72,1,1.9%,42509,26,38.45614815,-96.15265224,2021-02-02 20:02 EDT
Seward,Kansas,3760,11,33,0,0.9%,4539,9,37.19335257,-100.85132929999999,2021-02-02 20:02 EDT
Cowley,Kansas,3491,24,64,3,1.8%,415219,42,37.23778337,-96.83747771,2021-02-02 20:02 EDT
Ellis,Kansas,3477,14,61,0,1.8%,44059,2,38.91478245,-99.31725085,2021-02-02 20:02 EDT
Harvey,Kansas,3244,20,40,1,1.2%,0,11,38.04322513,-97.42728136,2021-02-02 20:02 EDT
Montgomery,Kansas,3017,22,46,1,1.5%,41099,22,37.19251341,-95.74286845,2021-02-02 20:02 EDT
McPherson,Kansas,2947,0,64,1,2.2%,3769,8,38.39166935,-97.64807733,2021-02-02 20:02 EDT
Geary,Kansas,2740,22,23,0,0.8%,413139,48,39.00234625,-96.75250121,2021-02-02 20:02 EDT
Barton,Kansas,2505,9,40,0,1.6%,42589,9,38.47897232,-98.75646783,2021-02-02 20:02 EDT
Miami,Kansas,2502,20,28,1,1.1%,2769,18,38.56359409,-94.83807679,2021-02-02 20:02 EDT
Labette,Kansas,2439,11,32,2,1.3%,4329,6,37.19136065,-95.29758395,2021-02-02 20:02 EDT
Franklin,Kansas,2296,32,29,0,1.3%,42569,8,38.56451748,-95.28594053,2021-02-02 20:02 EDT
Cherokee,Kansas,2209,18,40,4,1.8%,4869,6,37.16926692,-94.84626758,2021-02-02 20:02 EDT
Sumner,Kansas,1935,44,35,0,1.8%,414269,65,36.44677,-86.36113,2021-02-02 20:02 EDT
Dickinson,Kansas,1625,19,32,0,2.0%,44469,1,38.86647819,-97.15265402,2021-02-02 20:02 EDT
Neosho,Kansas,1604,14,16,0,1.0%,43789,1,37.558481799999996,-95.30678455,2021-02-02 20:02 EDT
Jefferson,Kansas,1532,11,27,1,1.8%,44299,0,39.23575283,-95.38343194,2021-02-02 20:02 EDT
Pottawatomie,Kansas,1527,25,13,0,0.9%,48799,9,39.37957452,-96.34327382,2021-02-02 20:02 EDT
Atchison,Kansas,1449,17,12,0,0.8%,4567,7,39.53178565,-95.3143517,2021-02-02 20:02 EDT
Nemaha,Kansas,1420,4,50,0,3.5%,9,0,39.78345354,-96.01411271,2021-02-02 20:02 EDT
Jackson,Kansas,1264,5,11,0,0.9%,9,0,39.41680272,-95.7936744,2021-02-02 20:02 EDT
Bourbon,Kansas,1216,5,20,0,1.6%,4609,2,37.8552491,-94.8492721,2021-02-02 20:02 EDT
Norton,Kansas,1200,0,27,0,2.2%,41009,0,39.78439772,-99.90353507,2021-02-02 20:02 EDT
Brown,Kansas,1179,3,34,1,2.9%,4667,0,39.82648887,-95.56422695,2021-02-02 20:02 EDT
Ellsworth,Kansas,1168,6,18,0,1.5%,4709,7,38.69660703,-98.20471917,2021-02-02 20:02 EDT
Pawnee,Kansas,1109,2,11,1,1.0%,1189,5,38.18134214200006,-99.236704907,2021-02-02 20:02 EDT
Osage,Kansas,1090,23,16,0,1.5%,45599,3,38.6523594,-95.72691919,2021-02-02 20:02 EDT
Thomas,Kansas,1048,0,17,0,1.6%,0,2,39.350989153000064,-101.05551610599994,2021-02-02 20:02 EDT
Marshall,Kansas,1020,21,21,0,2.1%,4714,8,39.783620005000046,-96.52296033099998,2021-02-02 20:02 EDT
Rice,Kansas,1006,10,5,0,0.5%,49139,4,38.34716624,-98.20099789,2021-02-02 20:02 EDT
Allen,Kansas,980,13,13,1,1.3%,410439,6,37.88572238,-95.30140407,2021-02-02 20:02 EDT
Marion,Kansas,955,4,11,1,1.2%,4279,7,38.35889135,-97.09681992,2021-02-02 20:02 EDT
Cloud,Kansas,952,0,24,0,2.5%,4839,3,39.48027670000001,-97.64928636,2021-02-02 20:02 EDT
Grant,Kansas,950,1,14,0,1.5%,45009,2,37.56217578,-101.3080433,2021-02-02 20:02 EDT
Doniphan,Kansas,901,7,12,0,1.3%,421439,4,39.78766834,-95.14794246,2021-02-02 20:02 EDT
Wilson,Kansas,858,16,10,0,1.2%,423339,0,37.55921484,-95.74341927,2021-02-02 20:02 EDT
Russell,Kansas,799,1,22,1,2.8%,509,0,38.914761258000055,-98.76236393499994,2021-02-02 20:02 EDT
Clay,Kansas,787,27,24,1,3.0%,49299,7,39.34972148,-97.16517473,2021-02-02 20:02 EDT
Pratt,Kansas,787,5,23,0,2.9%,9,3,37.64773813,-98.7396202,2021-02-02 20:02 EDT
Anderson,Kansas,763,5,10,1,1.3%,9,4,38.21420124,-95.29333504,2021-02-02 20:02 EDT
Linn,Kansas,716,0,5,0,0.7%,413539,0,38.21227461,-94.84295891,2021-02-02 20:02 EDT
Kingman,Kansas,674,3,12,0,1.8%,41409,6,37.558883835000074,-98.13635477499996,2021-02-02 20:02 EDT
Republic,Kansas,665,1,11,0,1.7%,559,0,39.82779013,-97.65062625,2021-02-02 20:02 EDT
Phillips,Kansas,659,5,17,0,2.6%,43509,8,39.78460565,-99.34706124,2021-02-02 20:02 EDT
Coffey,Kansas,625,4,14,0,2.2%,489,0,38.23682393,-95.73411136,2021-02-02 20:02 EDT
Wabaunsee,Kansas,611,30,12,0,2.0%,45799,0,38.95383186,-96.20518744,2021-02-02 20:02 EDT
Rooks,Kansas,608,6,11,0,1.8%,417,0,39.35025303,-99.32505607,2021-02-02 20:02 EDT
Gray,Kansas,592,0,12,0,2.0%,0,92,37.738197,-100.4378955,2021-02-02 20:02 EDT
Scott,Kansas,589,4,16,0,2.7%,0,7,38.4821398,-100.9068973,2021-02-02 20:02 EDT
Sherman,Kansas,584,2,11,0,1.9%,4857,3,39.35142882,-101.7199406,2021-02-02 20:02 EDT
Meade,Kansas,578,0,7,0,1.2%,453899,15,37.23816602,-100.3661856,2021-02-02 20:02 EDT
Harper,Kansas,574,4,19,0,3.3%,609,2,37.19163206,-98.07545956,2021-02-02 20:02 EDT
Greenwood,Kansas,570,13,10,1,1.8%,4309,3,37.87775769,-96.23258724,2021-02-02 20:02 EDT
Stevens,Kansas,560,0,7,0,1.2%,43339,0,37.19231639,-101.3120723,2021-02-02 20:02 EDT
Kearny,Kansas,548,0,11,0,2.0%,509,0,38.00018215,-101.3198319,2021-02-02 20:02 EDT
Mitchell,Kansas,543,1,11,0,2.0%,919,0,39.39328951,-98.20939864,2021-02-02 20:02 EDT
Ottawa,Kansas,533,6,10,0,1.9%,1079,5,39.13251943,-97.65014072,2021-02-02 20:02 EDT
Morris,Kansas,530,0,17,0,3.2%,0,8,38.68744149,-96.64975833,2021-02-02 20:02 EDT
Washington,Kansas,492,3,8,0,1.6%,41209,1,39.78423487,-97.08757686,2021-02-02 20:02 EDT
Sheridan,Kansas,422,0,9,0,2.1%,7279,0,39.35037606,-100.4417905,2021-02-02 20:02 EDT
Rush,Kansas,418,0,10,0,2.4%,9,0,38.52316110200008,-99.30925583799996,2021-02-02 20:02 EDT
Haskell,Kansas,401,0,6,0,1.5%,0,0,37.56227735,-100.8712107,2021-02-02 20:02 EDT
Trego,Kansas,392,11,6,0,1.5%,43009,8,38.91433806,-99.87273576,2021-02-02 20:02 EDT
Gove,Kansas,372,2,22,0,5.9%,433339,3,38.91610871,-100.48288640000001,2021-02-02 20:02 EDT
Barber,Kansas,362,3,7,0,1.9%,779,2,37.22884819,-98.68475343,2021-02-02 20:02 EDT
Ness,Kansas,348,8,15,0,4.3%,433339,3,38.47940217,-99.91620896,2021-02-02 20:02 EDT
Rawlins,Kansas,346,5,7,0,2.0%,919,0,39.785242252000046,-101.07579090899998,2021-02-02 20:02 EDT
Cheyenne,Kansas,338,1,11,0,3.3%,42009,0,39.78588884,-101.731158,2021-02-02 20:02 EDT
Stafford,Kansas,332,0,9,0,2.7%,41667,0,38.03100401,-98.71745805,2021-02-02 20:02 EDT
Logan,Kansas,289,2,6,0,2.1%,4509,0,38.91732344800005,-101.14835342499998,2021-02-02 20:02 EDT
Osborne,Kansas,271,0,3,0,1.1%,413339,0,39.35032573,-98.76803349,2021-02-02 20:02 EDT
Chase,Kansas,262,0,3,0,1.1%,0,0,38.30203573,-96.59385542,2021-02-02 20:02 EDT
Edwards,Kansas,261,3,12,1,4.6%,0,0,37.88768013,-99.31221954,2021-02-02 20:02 EDT
Smith,Kansas,252,0,2,0,0.8%,0,0,39.785164,-98.78547275,2021-02-02 20:02 EDT
Decatur,Kansas,252,0,9,0,3.6%,4299,0,39.78477913500007,-100.45994720999994,2021-02-02 20:02 EDT
Lincoln,Kansas,249,1,4,0,1.6%,4259,0,39.045324943000026,-98.207615623,2021-02-02 20:02 EDT
Kiowa,Kansas,248,0,4,0,1.6%,0,6,37.55828347,-99.28606875,2021-02-02 20:02 EDT
Graham,Kansas,244,0,5,0,2.0%,4209,0,39.34977779200005,-99.88317279299996,2021-02-02 20:02 EDT
Chautauqua,Kansas,236,2,4,0,1.7%,48339,1,37.1500473,-96.24541457,2021-02-02 20:02 EDT
Morton,Kansas,233,0,8,0,3.4%,411009,2,37.19139516,-101.7992607,2021-02-02 20:02 EDT
Clark,Kansas,230,0,6,0,2.6%,4509,0,33.85546,-92.98467,2021-02-02 20:02 EDT
Wichita,Kansas,211,1,5,0,2.4%,0,0,38.4820826,-101.3473479,2021-02-02 20:02 EDT
Hamilton,Kansas,199,0,0,0,0.0%,9,0,37.99919244,-101.7912689,2021-02-02 20:02 EDT
Jewell,Kansas,186,0,3,0,1.6%,1009,0,39.78473085,-98.21835141,2021-02-02 20:02 EDT
Woodson,Kansas,185,1,3,0,1.6%,8129,0,37.88665995,-95.74015011,2021-02-02 20:02 EDT
Hodgeman,Kansas,181,3,5,0,2.8%,44009,0,38.08747495,-99.89796389,2021-02-02 20:02 EDT
Stanton,Kansas,175,1,6,0,3.4%,44009,0,37.56310039,-101.7841945,2021-02-02 20:02 EDT
Wallace,Kansas,170,0,4,0,2.4%,0,0,38.91666503500005,-101.76357663199995,2021-02-02 20:02 EDT
Elk,Kansas,159,0,1,0,0.6%,9,0,37.45365695,-96.24398393,2021-02-02 20:02 EDT
Comanche,Kansas,154,1,8,0,5.2%,0,0,37.19123738,-99.2717942,2021-02-02 20:02 EDT
Lane,Kansas,140,0,7,0,5.0%,509,0,38.48130534,-100.46649029999999,2021-02-02 20:02 EDT
Greeley,Kansas,102,0,1,0,1.0%,1009,0,38.48054869100001,-101.805966863,2021-02-02 20:02 EDT
DeSoto,Mississippi,18450,42,209,7,1.1%,2229,272,34.87494026,-89.98882209,2021-02-02 20:02 EDT
Hinds,Mississippi,17669,36,357,6,2.0%,869,39,32.26676751,-90.4426253,2021-02-02 20:02 EDT
Harrison,Mississippi,15376,84,234,11,1.5%,829,66,30.51215635,-89.11668435,2021-02-02 20:02 EDT
Rankin,Mississippi,11761,27,237,2,2.0%,127,46,32.25758172,-89.94376468,2021-02-02 20:02 EDT
Jackson,Mississippi,11546,51,199,3,1.7%,1819,92,30.54327789,-88.6359578,2021-02-02 20:02 EDT
Lee,Mississippi,9306,17,150,1,1.6%,1969,97,34.28985313,-88.68041334,2021-02-02 20:02 EDT
Madison,Mississippi,8988,47,178,2,2.0%,699,25,32.63807955,-90.03502697,2021-02-02 20:02 EDT
Jones,Mississippi,7307,29,124,1,1.7%,484,54,31.62253561,-89.16873777,2021-02-02 20:02 EDT
Forrest,Mississippi,6516,22,130,1,2.0%,429,56,31.18883949,-89.25783485,2021-02-02 20:02 EDT
Lauderdale,Mississippi,6403,24,206,3,3.2%,669,42,32.40428541,-88.6626063,2021-02-02 20:02 EDT
Lowndes,Mississippi,5752,17,130,3,2.3%,49,70,33.47301844,-88.44345344,2021-02-02 20:02 EDT
Lafayette,Mississippi,5442,8,105,1,1.9%,3789,73,34.35133857,-89.47812909,2021-02-02 20:02 EDT
Lamar,Mississippi,5316,14,67,0,1.3%,41349,29,31.20586795,-89.50865477,2021-02-02 20:02 EDT
Washington,Mississippi,5038,5,125,0,2.5%,5499,3,33.28342742,-90.94327114,2021-02-02 20:02 EDT
Bolivar,Mississippi,4341,19,111,0,2.6%,469,77,33.79576737,-90.87602886,2021-02-02 20:02 EDT
Oktibbeha,Mississippi,4228,10,87,0,2.1%,3029,13,33.42492488,-88.87948655,2021-02-02 20:02 EDT
Panola,Mississippi,4034,9,86,1,2.1%,2239,36,34.362514000000004,-89.95474766,2021-02-02 20:02 EDT
Pontotoc,Mississippi,3922,13,62,0,1.6%,639,18,34.22544248,-89.03745841,2021-02-02 20:02 EDT
Warren,Mississippi,3900,1,110,1,2.8%,4959,84,32.36011151,-90.84695269,2021-02-02 20:02 EDT
Monroe,Mississippi,3827,8,117,0,3.1%,4089,0,33.89226612,-88.48051389,2021-02-02 20:02 EDT
Pearl River,Mississippi,3749,32,113,2,3.0%,189,27,30.768543400000002,-89.58975736,2021-02-02 20:02 EDT
Marshall,Mississippi,3728,8,81,3,2.2%,2119,27,34.76225099,-89.5031233,2021-02-02 20:02 EDT
Union,Mississippi,3717,5,68,1,1.8%,1839,16,34.49041092,-89.00393028,2021-02-02 20:02 EDT
Neshoba,Mississippi,3580,12,161,1,4.5%,4679,4,32.75347307,-89.11761742,2021-02-02 20:02 EDT
Lincoln,Mississippi,3222,10,94,2,2.9%,4359,39,31.53238718,-90.45393399,2021-02-02 20:02 EDT
Leflore,Mississippi,3217,7,114,0,3.5%,669,5,33.55052797,-90.30106536,2021-02-02 20:02 EDT
Hancock,Mississippi,3174,12,67,1,2.1%,377,65,30.416343800000003,-89.48879815,2021-02-02 20:02 EDT
Sunflower,Mississippi,3024,7,81,0,2.7%,4799,2,33.60230503,-90.58861836,2021-02-02 20:02 EDT
Tate,Mississippi,2875,3,67,1,2.3%,3459,7,34.65036804,-89.94488119,2021-02-02 20:02 EDT
Pike,Mississippi,2837,13,89,0,3.1%,4174,8,31.17489229,-90.40411759,2021-02-02 20:02 EDT
Alcorn,Mississippi,2822,2,59,1,2.1%,479,2,34.88079475,-88.58032701,2021-02-02 20:02 EDT
Itawamba,Mississippi,2783,9,68,2,2.4%,539,1,34.28003924,-88.36137975,2021-02-02 20:02 EDT
Scott,Mississippi,2759,13,58,2,2.1%,2569,19,32.40646276,-89.53759337,2021-02-02 20:02 EDT
Yazoo,Mississippi,2693,10,59,2,2.2%,449,9,32.780320399999994,-90.39643393,2021-02-02 20:02 EDT
Tippah,Mississippi,2618,9,55,1,2.1%,4212,3,34.76830268,-88.90889543,2021-02-02 20:02 EDT
Copiah,Mississippi,2614,7,51,0,2.0%,41259,9,31.869320399999996,-90.44885969,2021-02-02 20:02 EDT
Prentiss,Mississippi,2602,3,56,1,2.2%,4619,8,34.61831936,-88.52015669,2021-02-02 20:02 EDT
Coahoma,Mississippi,2593,0,58,1,2.2%,3959,9,34.22735359,-90.59769074,2021-02-02 20:02 EDT
Simpson,Mississippi,2513,9,76,1,3.0%,2269,5,31.91312714,-89.91950708,2021-02-02 20:02 EDT
Leake,Mississippi,2446,7,68,0,2.8%,2089,7,32.75364804,-89.52401826,2021-02-02 20:02 EDT
Marion,Mississippi,2373,9,75,1,3.2%,4019,1,31.2307999,-89.82239574,2021-02-02 20:02 EDT
Covington,Mississippi,2327,11,73,0,3.1%,2259,9,31.63323488,-89.55254262,2021-02-02 20:02 EDT
Wayne,Mississippi,2313,11,40,1,1.7%,41199,50,31.64077636,-88.69575283,2021-02-02 20:02 EDT
Grenada,Mississippi,2306,1,74,0,3.2%,41549,0,33.769998799999996,-89.8020405,2021-02-02 20:02 EDT
George,Mississippi,2165,17,42,0,1.9%,4539,1,30.86257027,-88.6439732,2021-02-02 20:02 EDT
Winston,Mississippi,2133,5,73,1,3.4%,227,1,33.08842772,-89.03451565,2021-02-02 20:02 EDT
Newton,Mississippi,2076,11,48,0,2.3%,2259,2,32.400228999999996,-89.11874785,2021-02-02 20:02 EDT
Tishomingo,Mississippi,2022,5,62,0,3.1%,157,9,34.74050581,-88.23939425,2021-02-02 20:02 EDT
Attala,Mississippi,2017,8,65,0,3.2%,43449,3,33.086290500000004,-89.58155275,2021-02-02 20:02 EDT
Jasper,Mississippi,1950,7,39,0,2.0%,41449,19,32.01915428,-89.1189437,2021-02-02 20:02 EDT
Chickasaw,Mississippi,1947,5,49,2,2.5%,1359,5,33.92088364,-88.94784505,2021-02-02 20:02 EDT
Holmes,Mississippi,1763,2,69,1,3.9%,9,8,33.12351878,-90.09205303,2021-02-02 20:02 EDT
Adams,Mississippi,1738,0,57,0,3.3%,0,0,31.48370766,-91.34731394,2021-02-02 20:02 EDT
Clay,Mississippi,1729,5,45,1,2.6%,5119,3,33.65569969,-88.78164281,2021-02-02 20:02 EDT
Tallahatchie,Mississippi,1631,1,37,0,2.3%,6839,1,33.95046332,-90.17329643,2021-02-02 20:02 EDT
Stone,Mississippi,1607,2,28,0,1.7%,2029,1,30.78988818,-89.117705,2021-02-02 20:02 EDT
Clarke,Mississippi,1577,2,65,1,4.1%,4119,0,32.04132403,-88.68943124,2021-02-02 20:02 EDT
Calhoun,Mississippi,1488,1,23,0,1.5%,42369,8,33.93645759,-89.33651178,2021-02-02 20:02 EDT
Smith,Mississippi,1406,6,27,0,1.9%,1719,7,32.01768129,-89.50668357,2021-02-02 20:02 EDT
Yalobusha,Mississippi,1314,7,36,0,2.7%,859,5,34.02826081,-89.70770738,2021-02-02 20:02 EDT
Walthall,Mississippi,1190,3,38,0,3.2%,41619,6,31.14842844,-90.10609793,2021-02-02 20:02 EDT
Greene,Mississippi,1180,6,31,0,2.6%,3119,1,31.21415992,-88.6391455,2021-02-02 20:02 EDT
Noxubee,Mississippi,1174,4,27,0,2.3%,2169,9,33.1101624,-88.56992473,2021-02-02 20:02 EDT
Montgomery,Mississippi,1154,0,36,0,3.1%,1949,5,33.49418155,-89.61642562,2021-02-02 20:02 EDT
Lawrence,Mississippi,1127,4,18,0,1.6%,49,8,31.55021854,-90.10694626,2021-02-02 20:02 EDT
Carroll,Mississippi,1102,1,22,0,2.0%,45719,3,33.44843005,-89.9201267,2021-02-02 20:02 EDT
Perry,Mississippi,1091,0,32,0,2.9%,39,2,31.17193306,-88.99230846,2021-02-02 20:02 EDT
Amite,Mississippi,1069,2,30,1,2.8%,239,2,31.17444598,-90.80446286,2021-02-02 20:02 EDT
Webster,Mississippi,1016,2,24,0,2.4%,3089,6,33.61310551,-89.28486475,2021-02-02 20:02 EDT
Jefferson Davis,Mississippi,932,3,31,0,3.3%,259,9,31.56956453,-89.82290278,2021-02-02 20:02 EDT
Claiborne,Mississippi,925,3,27,1,2.9%,3149,4,31.97358989,-90.90848863,2021-02-02 20:02 EDT
Tunica,Mississippi,924,0,22,0,2.4%,4217,8,34.64859246,-90.37073582,2021-02-02 20:02 EDT
Benton,Mississippi,894,1,24,1,2.7%,499,5,34.81719754,-89.18853654,2021-02-02 20:02 EDT
Humphreys,Mississippi,879,1,25,0,2.8%,89,3,33.12872874,-90.52650759999999,2021-02-02 20:02 EDT
Kemper,Mississippi,842,2,21,0,2.5%,167,0,32.75459155,-88.64117877,2021-02-02 20:02 EDT
Quitman,Mississippi,743,0,11,0,1.5%,4359,7,34.25133165,-90.28920455,2021-02-02 20:02 EDT
Franklin,Mississippi,725,2,19,0,2.6%,6519,5,31.47704776,-90.89774097,2021-02-02 20:02 EDT
Choctaw,Mississippi,665,2,14,0,2.1%,1949,5,33.34732734,-89.24835493,2021-02-02 20:02 EDT
Wilkinson,Mississippi,607,0,25,0,4.1%,5719,0,31.16041084,-91.30894605,2021-02-02 20:02 EDT
Jefferson,Mississippi,592,1,23,0,3.9%,2089,9,31.73327601,-91.03469279,2021-02-02 20:02 EDT
Sharkey,Mississippi,480,2,17,0,3.5%,1159,3,32.87973209,-90.81305186,2021-02-02 20:02 EDT
Issaquena,Mississippi,162,0,6,0,3.7%,509,0,32.73867159900004,-90.982149743,2021-02-02 20:02 EDT
Fairfield,Connecticut,73651,664,1940,2,2.6%,849,885,41.16633,-73.22876,2021-02-02 20:02 EDT
Hartford,Connecticut,64818,553,2141,8,3.3%,899,914,41.76375,-72.67394,2021-02-02 20:02 EDT
New Haven,Connecticut,64733,796,1805,2,2.8%,779,930,41.308009999999996,-72.92432,2021-02-02 20:02 EDT
New London,Connecticut,17332,205,368,0,2.1%,1819,11,41.3565,-72.09626,2021-02-02 20:02 EDT
Litchfield,Connecticut,10142,85,258,0,2.5%,29,75,41.74626,-73.18895,2021-02-02 20:02 EDT
Middlesex,Connecticut,9466,100,324,2,3.4%,41119,10,41.46306660000001,-72.53470405,2021-02-02 20:02 EDT
Windham,Connecticut,8461,86,149,0,1.8%,1879,75,41.82994751,-71.98750959,2021-02-02 20:02 EDT
Tolland,Connecticut,7076,68,140,0,2.0%,739,95,41.85504483,-72.33656749,2021-02-02 20:02 EDT
Douglas,Nebraska,61452,169,617,0,1.0%,3429,187,41.29535164,-96.15533409999999,2021-02-02 20:02 EDT
Lancaster,Nebraska,26833,44,198,0,0.7%,2549,54,40.78417020000001,-96.6877405,2021-02-02 20:02 EDT
Sarpy,Nebraska,18439,48,93,0,0.5%,3419,93,41.11286262,-96.1134336,2021-02-02 20:02 EDT
Hall,Nebraska,6690,0,105,0,1.6%,2099,44,40.87254726,-98.50215009,2021-02-02 20:02 EDT
Buffalo,Nebraska,4849,28,55,0,1.1%,3319,9,40.85573398,-99.0748,2021-02-02 20:02 EDT
Dodge,Nebraska,4406,7,52,0,1.2%,41369,17,41.57800227,-96.65396234,2021-02-02 20:02 EDT
Scotts Bluff,Nebraska,4358,0,91,0,2.1%,499,9,41.85058733,-103.7079751,2021-02-02 20:02 EDT
Madison,Nebraska,4259,0,40,0,0.9%,309,5,41.91672764,-97.60077318,2021-02-02 20:02 EDT
Dakota,Nebraska,3797,0,67,0,1.8%,5259,9,42.39052997,-96.56544998,2021-02-02 20:02 EDT
Platte,Nebraska,3758,0,46,0,1.2%,4239,0,41.57074533,-97.52056927,2021-02-02 20:02 EDT
Lincoln,Nebraska,3420,9,41,0,1.2%,2129,7,41.04778534,-100.7451548,2021-02-02 20:02 EDT
Dawson,Nebraska,2694,2,29,0,1.1%,4379,7,40.86990332,-99.81958545,2021-02-02 20:02 EDT
Adams,Nebraska,2636,9,37,0,1.4%,4659,6,40.52445442,-98.50120204,2021-02-02 20:02 EDT
Saunders,Nebraska,2188,7,13,0,0.6%,4869,3,41.22651699,-96.63753431,2021-02-02 20:02 EDT
Cass,Nebraska,2119,9,14,0,0.7%,1799,9,40.90975787,-96.14136094,2021-02-02 20:02 EDT
Gage,Nebraska,2002,1,16,0,0.8%,7229,0,40.26193056,-96.68946416,2021-02-02 20:02 EDT
Washington,Nebraska,1937,6,19,0,1.0%,2059,2,41.53106886,-96.22248095,2021-02-02 20:02 EDT
Saline,Nebraska,1872,3,3,0,0.2%,5679,3,40.52405516,-97.14092044,2021-02-02 20:02 EDT
Colfax,Nebraska,1525,0,20,0,1.3%,5629,0,41.57320374,-97.08644957,2021-02-02 20:02 EDT
York,Nebraska,1405,13,9,0,0.6%,5119,3,40.87277546,-97.5970848,2021-02-02 20:02 EDT
Seward,Nebraska,1265,1,25,0,2.0%,4589,3,40.87238069,-97.13949858,2021-02-02 20:02 EDT
Otoe,Nebraska,1205,1,4,0,0.3%,4819,8,40.64856252,-96.13578531,2021-02-02 20:02 EDT
Red Willow,Nebraska,1139,0,10,0,0.9%,4889,1,40.23514,-100.49344,2021-02-02 20:02 EDT
Cuming,Nebraska,956,0,9,0,0.9%,5319,5,41.91641249,-96.78740778,2021-02-02 20:02 EDT
Wayne,Nebraska,926,0,7,1,0.8%,6439,0,42.20929048,-97.11922969,2021-02-02 20:02 EDT
Box Butte,Nebraska,877,6,9,0,1.0%,4959,3,42.21971468,-103.08566390000001,2021-02-02 20:02 EDT
Phelps,Nebraska,876,3,9,1,1.0%,839,92,40.51120789,-99.41442031,2021-02-02 20:02 EDT
Hamilton,Nebraska,864,0,16,0,1.9%,9,6,40.87360233,-98.02320166,2021-02-02 20:02 EDT
Cheyenne,Nebraska,850,4,15,0,1.8%,3719,92,41.21980259,-102.9950235,2021-02-02 20:02 EDT
Knox,Nebraska,805,0,9,0,1.1%,8929,0,42.63165456,-97.89463638,2021-02-02 20:02 EDT
Thurston,Nebraska,784,0,9,0,1.1%,3799,8,42.15780708,-96.54598535,2021-02-02 20:02 EDT
Custer,Nebraska,772,2,18,0,2.3%,6369,2,41.39426404,-99.72613503,2021-02-02 20:02 EDT
Butler,Nebraska,768,0,11,0,1.4%,509,0,41.22496231,-97.1314459,2021-02-02 20:02 EDT
Holt,Nebraska,757,0,14,0,1.8%,4559,2,42.45571239,-98.7838204,2021-02-02 20:02 EDT
Merrick,Nebraska,713,0,13,0,1.8%,5839,0,41.16976642,-98.03780419,2021-02-02 20:02 EDT
Cedar,Nebraska,659,7,11,0,1.7%,3339,6,42.5974126,-97.2528215,2021-02-02 20:02 EDT
Keith,Nebraska,650,1,3,0,0.5%,45719,1,41.19673525,-101.6551887,2021-02-02 20:02 EDT
Kearney,Nebraska,637,0,4,0,0.6%,4769,1,40.50744303,-98.94882041,2021-02-02 20:02 EDT
Clay,Nebraska,637,1,11,0,1.7%,4609,4,40.52444889,-98.05127973,2021-02-02 20:02 EDT
Dawes,Nebraska,630,0,18,0,2.9%,3219,9,42.7196594,-103.1354299,2021-02-02 20:02 EDT
Johnson,Nebraska,615,1,7,0,1.1%,4629,0,40.39265799,-96.26512609999999,2021-02-02 20:02 EDT
Jefferson,Nebraska,610,0,1,0,0.2%,8249,0,40.17580185,-97.14273689,2021-02-02 20:02 EDT
Richardson,Nebraska,597,0,15,0,2.5%,909,0,40.12496155,-95.7186939,2021-02-02 20:02 EDT
Burt,Nebraska,584,4,10,0,1.7%,4509,8,41.85100019,-96.32964118,2021-02-02 20:02 EDT
Pierce,Nebraska,584,4,20,0,3.4%,42009,0,42.26438862,-97.60130221,2021-02-02 20:02 EDT
Nemaha,Nebraska,574,4,13,0,2.3%,9,6,40.38499768,-95.85407457,2021-02-02 20:02 EDT
Dixon,Nebraska,536,0,8,0,1.5%,509,0,42.49032114,-96.86851309999999,2021-02-02 20:02 EDT
Howard,Nebraska,509,1,15,0,2.9%,42509,4,41.22002393,-98.51707113,2021-02-02 20:02 EDT
Boone,Nebraska,474,0,4,0,0.8%,6369,0,41.70680364,-98.06723652,2021-02-02 20:02 EDT
Antelope,Nebraska,462,1,6,0,1.3%,4299,0,42.17690218,-98.06672076,2021-02-02 20:02 EDT
Furnas,Nebraska,462,0,4,0,0.9%,2829,8,40.17647405,-99.91229995,2021-02-02 20:02 EDT
Fillmore,Nebraska,457,0,9,0,2.0%,8579,0,40.5246895,-97.59651417,2021-02-02 20:02 EDT
Morrill,Nebraska,454,7,15,0,3.3%,41409,2,41.71595509,-103.01055550000001,2021-02-02 20:02 EDT
Thayer,Nebraska,454,0,3,0,0.7%,7899,0,40.17629529,-97.59492464,2021-02-02 20:02 EDT
Sheridan,Nebraska,439,4,14,0,3.2%,2119,5,42.50486464,-102.4089537,2021-02-02 20:02 EDT
Chase,Nebraska,432,0,3,0,0.7%,609,0,40.52423816,-101.6979567,2021-02-02 20:02 EDT
Polk,Nebraska,377,1,9,0,2.4%,4259,0,41.18688,-97.56842989,2021-02-02 20:02 EDT
Kimball,Nebraska,376,1,7,0,1.9%,4167,0,41.19761459,-103.7149425,2021-02-02 20:02 EDT
Nance,Nebraska,369,1,10,0,2.7%,6679,0,41.39730819,-97.99222082,2021-02-02 20:02 EDT
Nuckolls,Nebraska,353,2,1,0,0.3%,779,2,40.17637743,-98.0471501,2021-02-02 20:02 EDT
Stanton,Nebraska,346,0,8,0,2.3%,1009,0,41.91693400000001,-97.19391417,2021-02-02 20:02 EDT
Webster,Nebraska,303,0,5,0,1.7%,4449,0,40.17643296,-98.49993282,2021-02-02 20:02 EDT
Valley,Nebraska,295,1,4,0,1.4%,6259,0,41.56734717,-98.98181449,2021-02-02 20:02 EDT
Cherry,Nebraska,265,1,6,0,2.3%,9,0,42.54490082,-101.11859820000001,2021-02-02 20:02 EDT
Perkins,Nebraska,257,1,11,0,4.3%,9,0,40.850947690000055,-101.649585017,2021-02-02 20:02 EDT
Hitchcock,Nebraska,232,0,3,0,1.3%,4409,0,40.17631146,-101.04226990000001,2021-02-02 20:02 EDT
Franklin,Nebraska,225,0,3,0,1.3%,43339,0,40.17634199,-98.95279683,2021-02-02 20:02 EDT
Brown,Nebraska,212,0,2,0,0.9%,0,0,42.43001886400003,-99.92948205299996,2021-02-02 20:02 EDT
Greeley,Nebraska,202,0,2,0,1.0%,4509,2,41.56741269,-98.52113106,2021-02-02 20:02 EDT
Harlan,Nebraska,200,0,0,0,0.0%,1009,0,40.17650681,-99.40466847,2021-02-02 20:02 EDT
Pawnee,Nebraska,188,1,1,0,0.5%,3339,0,40.13156195000005,-96.23708714499998,2021-02-02 20:02 EDT
Frontier,Nebraska,183,0,1,0,0.5%,8189,0,40.53006311,-100.3942213,2021-02-02 20:02 EDT
Gosper,Nebraska,178,1,4,0,2.2%,809,0,40.51478561,-99.83071073,2021-02-02 20:02 EDT
Sherman,Nebraska,175,3,4,0,2.3%,4509,0,41.22061354,-98.97621311,2021-02-02 20:02 EDT
Boyd,Nebraska,172,0,3,0,1.7%,1009,0,42.89952651000005,-98.76852675399994,2021-02-02 20:02 EDT
Dundy,Nebraska,155,0,4,0,2.6%,4444,3,40.17625749100006,-101.68794512999996,2021-02-02 20:02 EDT
Garfield,Nebraska,142,0,4,0,2.8%,8579,0,41.91435285,-98.99132412,2021-02-02 20:02 EDT
Garden,Nebraska,106,0,1,0,0.9%,9,0,41.61945037800007,-102.33549508899996,2021-02-02 20:02 EDT
Rock,Nebraska,100,0,2,0,2.0%,0,0,42.42133371700004,-99.44989471999996,2021-02-02 20:02 EDT
Deuel,Nebraska,89,0,0,0,0.0%,43339,0,41.11161882300007,-102.333977513,2021-02-02 20:02 EDT
Logan,Nebraska,73,0,0,0,0.0%,9,0,41.56655037,-100.4827298,2021-02-02 20:02 EDT
Hayes,Nebraska,58,0,0,0,0.0%,1009,0,40.52482723100008,-101.06190669499996,2021-02-02 20:02 EDT
Thomas,Nebraska,50,0,0,0,0.0%,0,0,41.91360919,-100.55582,2021-02-02 20:02 EDT
Hooker,Nebraska,49,0,2,0,4.1%,0,0,41.91594861,-101.1353667,2021-02-02 20:02 EDT
Keya Paha,Nebraska,43,0,0,0,0.0%,1009,0,42.87880526,-99.71250484,2021-02-02 20:02 EDT
Loup,Nebraska,40,0,0,0,0.0%,0,0,41.91387673600008,-99.45445919499996,2021-02-02 20:02 EDT
Sioux,Nebraska,35,0,0,0,0.0%,759,0,42.48776050700008,-103.75887538399996,2021-02-02 20:02 EDT
Wheeler,Nebraska,34,0,0,0,0.0%,1009,0,41.91475541500006,-98.52814479399996,2021-02-02 20:02 EDT
Banner,Nebraska,30,2,0,0,0.0%,42009,0,41.545944096000035,-103.71045643199993,2021-02-02 20:02 EDT
McPherson,Nebraska,26,0,0,0,0.0%,509,0,41.56810039100003,-101.06026637499996,2021-02-02 20:02 EDT
Grant,Nebraska,25,0,4,0,16.0%,0,0,41.91495081400007,-101.74057257799996,2021-02-02 20:02 EDT
Arthur,Nebraska,22,0,0,0,0.0%,6679,0,41.56886853,-101.6957187,2021-02-02 20:02 EDT
Blaine,Nebraska,19,0,0,0,0.0%,1009,0,41.91276116100005,-99.97674726299994,2021-02-02 20:02 EDT
Mcpherson,Nebraska,0,0,0,0,nan%,0,0,41.56810039,-101.06026640000002,2021-02-02 20:02 EDT
Bernalillo,New Mexico,49530,118,770,2,1.6%,42019,510,35.05128463,-106.6703125,2021-02-02 20:02 EDT
Dona Ana,New Mexico,21175,50,358,2,1.7%,2759,0,32.38965,-106.81475,2021-02-02 20:02 EDT
San Juan,New Mexico,13025,30,385,2,3.0%,3119,19,32.76325,-107.90733999999999,2021-02-02 20:02 EDT
McKinley,New Mexico,11586,27,416,2,3.6%,1589,71,35.58049693,-108.26144340000002,2021-02-02 20:02 EDT
Sandoval,New Mexico,10216,35,179,0,1.8%,42039,26,35.68878872,-106.8666133,2021-02-02 20:02 EDT
Santa Fe,New Mexico,9197,30,119,0,1.3%,127,95,35.69168,-105.93796,2021-02-02 20:02 EDT
Chaves,New Mexico,8241,3,133,3,1.6%,2579,53,33.36320251,-104.4669295,2021-02-02 20:02 EDT
Lea,New Mexico,7846,37,121,1,1.5%,4759,58,32.79212367,-103.4124297,2021-02-02 20:02 EDT
Eddy,New Mexico,6007,12,100,0,1.7%,3329,83,32.47150739999999,-104.3043176,2021-02-02 20:02 EDT
Valencia,New Mexico,5835,31,82,0,1.4%,1199,40,34.71537798,-106.8092577,2021-02-02 20:02 EDT
Curry,New Mexico,4753,3,61,0,1.3%,439,5,34.57415905,-103.34693359999999,2021-02-02 20:02 EDT
Rio Arriba,New Mexico,3226,12,55,0,1.7%,289,21,36.50963079,-106.69306909999999,2021-02-02 20:02 EDT
Luna,New Mexico,2947,5,57,0,1.9%,5199,9,32.18219132,-107.74972790000001,2021-02-02 20:02 EDT
Otero,New Mexico,2904,12,50,1,1.7%,2049,17,32.61316393,-105.74142579999999,2021-02-02 20:02 EDT
Cibola,New Mexico,2595,0,100,1,3.9%,6239,6,34.91236636,-108.0000561,2021-02-02 20:02 EDT
Roosevelt,New Mexico,1772,7,45,0,2.5%,1399,1,34.02125189,-103.4801702,2021-02-02 20:02 EDT
Taos,New Mexico,1454,0,45,1,3.1%,6069,8,36.57785635,-105.63103570000001,2021-02-02 20:02 EDT
Lincoln,New Mexico,1447,1,14,0,1.0%,4229,9,33.74526908,-105.4592655,2021-02-02 20:02 EDT
Grant,New Mexico,1296,4,28,0,2.2%,42099,2,32.73896355,-108.3821561,2021-02-02 20:02 EDT
San Miguel,New Mexico,1135,3,8,0,0.7%,2319,0,32.15629000000001,-106.73563999999999,2021-02-02 20:02 EDT
Socorro,New Mexico,1132,4,47,0,4.2%,1599,7,34.060140000000004,-106.89187,2021-02-02 20:02 EDT
Sierra,New Mexico,672,0,43,0,6.4%,6439,0,33.13045874,-107.19228429999998,2021-02-02 20:02 EDT
Colfax,New Mexico,664,0,39,0,5.9%,3169,3,36.60606416,-104.6469694,2021-02-02 20:02 EDT
Torrance,New Mexico,597,0,11,0,1.8%,59,9,34.64046808,-105.8508225,2021-02-02 20:02 EDT
Los Alamos,New Mexico,449,1,2,0,0.4%,259,4,35.881009999999996,-106.30521999999999,2021-02-02 20:02 EDT
Quay,New Mexico,400,2,8,0,2.0%,6159,0,35.10435229,-103.54961390000001,2021-02-02 20:02 EDT
Guadalupe,New Mexico,335,0,8,0,2.4%,4667,0,34.86329443,-104.7906568,2021-02-02 20:02 EDT
Hidalgo,New Mexico,323,0,9,0,2.8%,3339,4,31.91409509,-108.7148689,2021-02-02 20:02 EDT
Union,New Mexico,212,2,8,0,3.8%,42009,0,36.48166107,-103.47093690000001,2021-02-02 20:02 EDT
Mora,New Mexico,148,0,6,0,4.1%,41509,0,36.011881910000064,-104.94492992499994,2021-02-02 20:02 EDT
De Baca,New Mexico,128,2,0,0,0.0%,43339,0,34.34240923,-104.4119582,2021-02-02 20:02 EDT
Catron,New Mexico,71,0,3,0,4.2%,1009,0,33.915294700000004,-108.40477890000001,2021-02-02 20:02 EDT
Harding,New Mexico,8,0,0,0,0.0%,0,0,35.85787515,-103.8200144,2021-02-02 20:02 EDT
Ada,Idaho,44760,140,413,0,0.9%,2079,39,43.45105691,-116.2411338,2021-02-02 20:02 EDT
Canyon,Idaho,23852,59,258,0,1.1%,3189,69,43.62506704,-116.7092605,2021-02-02 20:02 EDT
Kootenai,Idaho,15833,46,168,0,1.1%,2269,11,47.67758728,-116.69713190000002,2021-02-02 20:02 EDT
Bonneville,Idaho,11509,25,136,0,1.2%,69,67,43.38774653,-111.61494920000001,2021-02-02 20:02 EDT
Twin Falls,Idaho,8781,13,119,0,1.4%,1399,5,42.55619,-114.4696,2021-02-02 20:02 EDT
Bannock,Idaho,7393,22,86,1,1.2%,2369,20,42.65937742,-112.2110229,2021-02-02 20:02 EDT
Madison,Idaho,5892,19,21,0,0.4%,43229,15,43.78418564,-111.6591909,2021-02-02 20:02 EDT
Bingham,Idaho,4072,13,59,0,1.4%,1859,3,43.21865084,-112.3950328,2021-02-02 20:02 EDT
Nez Perce,Idaho,3307,8,47,2,1.4%,1229,3,46.32686975,-116.7502666,2021-02-02 20:02 EDT
Cassia,Idaho,2781,6,23,0,0.8%,4409,2,42.2838939,-113.60029440000001,2021-02-02 20:02 EDT
Bonner,Idaho,2745,23,27,0,1.0%,452,62,48.30974299,-116.6149142,2021-02-02 20:02 EDT
Latah,Idaho,2530,13,6,0,0.2%,42939,5,46.81618556,-116.7117269,2021-02-02 20:02 EDT
Jerome,Idaho,2428,3,18,0,0.7%,447,1,42.68988747,-114.26400109999999,2021-02-02 20:02 EDT
Payette,Idaho,2319,4,28,1,1.2%,5499,3,44.00673022,-116.76085800000001,2021-02-02 20:02 EDT
Jefferson,Idaho,2283,12,20,0,0.9%,199,4,43.82011067,-112.3113405,2021-02-02 20:02 EDT
Minidoka,Idaho,2237,4,27,1,1.2%,474,9,42.85425779,-113.6374878,2021-02-02 20:02 EDT
Blaine,Idaho,1988,20,14,0,0.7%,1129,11,43.41233465,-113.9798058,2021-02-02 20:02 EDT
Gem,Idaho,1651,4,28,0,1.7%,1959,3,44.06164601,-116.39734140000002,2021-02-02 20:02 EDT
Elmore,Idaho,1517,4,10,0,0.7%,3339,92,43.35400714,-115.4690086,2021-02-02 20:02 EDT
Gooding,Idaho,1241,0,23,0,1.9%,1769,4,42.97101822,-114.8114855,2021-02-02 20:02 EDT
Washington,Idaho,1161,2,20,0,1.7%,5359,0,44.45230578,-116.784798,2021-02-02 20:02 EDT
Idaho,Idaho,1146,0,17,0,1.5%,6119,0,45.84413213,-115.46748659999999,2021-02-02 20:02 EDT
Franklin,Idaho,1021,4,12,0,1.2%,41439,6,42.18107329500003,-111.813205037,2021-02-02 20:02 EDT
Teton,Idaho,1014,9,4,0,0.4%,979,6,43.75945168,-111.2076444,2021-02-02 20:02 EDT
Clearwater,Idaho,979,2,12,0,1.2%,42639,4,46.673689467000024,-115.65682282299996,2021-02-02 20:02 EDT
Owyhee,Idaho,974,1,24,0,2.5%,4629,0,42.58146654,-116.17004170000001,2021-02-02 20:02 EDT
Shoshone,Idaho,969,2,30,0,3.1%,6369,2,47.35166139000007,-115.89105712999998,2021-02-02 20:02 EDT
Fremont,Idaho,955,4,14,0,1.5%,3169,3,44.22874831,-111.48210390000001,2021-02-02 20:02 EDT
Boundary,Idaho,738,8,10,0,1.4%,2679,92,48.76686056,-116.4628906,2021-02-02 20:02 EDT
Valley,Idaho,730,6,4,0,0.5%,2459,0,44.76844994,-115.56055570000001,2021-02-02 20:02 EDT
Caribou,Idaho,610,0,11,0,1.8%,5569,0,42.77049511,-111.56221699999999,2021-02-02 20:02 EDT
Power,Idaho,602,1,7,0,1.2%,4769,1,42.68963792,-112.8418511,2021-02-02 20:02 EDT
Benewah,Idaho,534,0,7,0,1.3%,7869,0,47.21651271,-116.6582365,2021-02-02 20:02 EDT
Lincoln,Idaho,478,2,10,0,2.1%,1119,0,43.00235717,-114.13819409999999,2021-02-02 20:02 EDT
Lemhi,Idaho,478,3,9,0,1.9%,43009,0,44.943276899999994,-113.9332935,2021-02-02 20:02 EDT
Lewis,Idaho,369,0,6,0,1.6%,42009,0,46.23697256,-116.4263071,2021-02-02 20:02 EDT
Bear Lake,Idaho,332,4,2,0,0.6%,5389,0,42.297151203000055,-111.330000451,2021-02-02 20:02 EDT
Adams,Idaho,315,4,3,0,1.0%,2869,0,44.88965373,-116.45393,2021-02-02 20:02 EDT
Oneida,Idaho,312,0,3,0,1.0%,6119,0,42.194871420000034,-112.53962668199995,2021-02-02 20:02 EDT
Boise,Idaho,289,1,2,0,0.7%,6679,0,43.989163797000074,-115.73027947299994,2021-02-02 20:02 EDT
Custer,Idaho,227,0,3,0,1.3%,1009,0,44.24129522,-114.2817047,2021-02-02 20:02 EDT
Butte,Idaho,185,0,1,0,0.5%,1009,0,43.72333859100007,-113.17115302399998,2021-02-02 20:02 EDT
Camas,Idaho,66,0,0,0,0.0%,6679,0,43.463039,-114.80533090000002,2021-02-02 20:02 EDT
Clark,Idaho,54,0,0,0,0.0%,0,0,44.28393837700003,-112.35136595299996,2021-02-02 20:02 EDT
Puerto Rico,Puerto Rico,157261,590,1846,10,1.2%,2859,976,18.2226065,-66.46895343,2021-02-02 20:02 EDT
Multnomah,Oregon,30234,137,480,6,1.6%,417,31,45.46975,-122.70562,2021-02-02 20:02 EDT
Washington,Oregon,19961,66,191,0,1.0%,452,91,45.56005965,-123.098408,2021-02-02 20:02 EDT
Marion,Oregon,17359,42,263,4,1.5%,17,19,44.75045,-122.94051999999999,2021-02-02 20:02 EDT
Clackamas,Oregon,12616,54,151,6,1.2%,4099,30,45.41211,-122.56908999999999,2021-02-02 20:02 EDT
Lane,Oregon,9226,31,114,1,1.2%,139,76,43.93873498,-122.84792730000001,2021-02-02 20:02 EDT
Jackson,Oregon,7553,52,103,2,1.4%,42089,19,42.4321189,-122.72848619999999,2021-02-02 20:02 EDT
Umatilla,Oregon,7191,24,74,0,1.0%,2769,63,45.91768,-119.34203000000001,2021-02-02 20:02 EDT
Deschutes,Oregon,5450,16,45,0,0.8%,3249,67,44.159240000000004,-121.25967,2021-02-02 20:02 EDT
Yamhill,Oregon,3435,10,56,1,1.6%,2879,7,45.34037,-123.18786999999999,2021-02-02 20:02 EDT
Linn,Oregon,3342,7,50,0,1.5%,4669,13,44.4887414,-122.5343983,2021-02-02 20:02 EDT
Malheur,Oregon,3266,5,56,0,1.7%,4029,9,43.19347158,-117.62310120000001,2021-02-02 20:02 EDT
Polk,Oregon,2740,23,41,0,1.5%,4859,41,44.90373452,-123.4127777,2021-02-02 20:02 EDT
Klamath,Oregon,2655,17,52,0,2.0%,2439,7,42.69219137,-121.64335179999999,2021-02-02 20:02 EDT
Josephine,Oregon,2012,23,36,0,1.8%,44699,44,42.36550609,-123.55555159999999,2021-02-02 20:02 EDT
Benton,Oregon,1931,14,14,0,0.7%,3259,5,44.4918359,-123.4292918,2021-02-02 20:02 EDT
Douglas,Oregon,1878,14,48,0,2.6%,3549,3,43.27977096,-123.16648719999999,2021-02-02 20:02 EDT
Jefferson,Oregon,1782,5,25,0,1.4%,43449,3,44.62931057,-121.1756091,2021-02-02 20:02 EDT
Union,Oregon,1190,9,18,0,1.5%,209,2,45.31034934,-118.0090335,2021-02-02 20:02 EDT
Wasco,Oregon,1173,5,23,0,2.0%,4959,6,45.15802579,-121.16794479999999,2021-02-02 20:02 EDT
Columbia,Oregon,1119,3,20,1,1.8%,43219,7,45.94033721,-123.09081529999999,2021-02-02 20:02 EDT
Coos,Oregon,1115,10,16,0,1.4%,41759,4,43.17177456,-124.05755570000001,2021-02-02 20:02 EDT
Lincoln,Oregon,1073,4,18,0,1.7%,3269,9,44.64188577,-123.867598,2021-02-02 20:02 EDT
Hood River,Oregon,1023,4,25,1,2.4%,2569,9,45.70885,-121.51073000000001,2021-02-02 20:02 EDT
Morrow,Oregon,990,0,12,1,1.2%,1549,92,45.41527587,-119.58318340000001,2021-02-02 20:02 EDT
Clatsop,Oregon,740,8,5,0,0.7%,299,92,45.98972508,-123.65775719999999,2021-02-02 20:02 EDT
Crook,Oregon,695,3,15,0,2.2%,4359,6,44.14219725,-120.35655279999999,2021-02-02 20:02 EDT
Baker,Oregon,591,2,5,0,0.8%,209,0,44.70918977,-117.6753499,2021-02-02 20:02 EDT
Tillamook,Oregon,381,2,2,0,0.5%,43339,0,45.46314872,-123.709329,2021-02-02 20:02 EDT
Curry,Oregon,335,2,5,0,1.5%,41667,0,42.45774238,-124.156935,2021-02-02 20:02 EDT
Lake,Oregon,274,4,6,0,2.2%,509,4,42.79935955,-120.38655630000001,2021-02-02 20:02 EDT
Grant,Oregon,218,0,1,0,0.5%,759,0,44.49139627,-119.00741770000002,2021-02-02 20:02 EDT
Harney,Oregon,198,3,6,0,3.0%,4679,0,43.06016944,-118.969242,2021-02-02 20:02 EDT
Wallowa,Oregon,105,3,3,0,2.9%,4259,0,45.57980407,-117.18105159999999,2021-02-02 20:02 EDT
Gilliam,Oregon,53,0,1,0,1.9%,1009,0,45.37335453300005,-120.20963371099998,2021-02-02 20:02 EDT
Sherman,Oregon,52,3,0,0,0.0%,43009,0,45.40395376,-120.68892930000001,2021-02-02 20:02 EDT
Wheeler,Oregon,22,0,1,0,4.5%,0,0,44.726104346000064,-120.02751689799999,2021-02-02 20:02 EDT
Clarkcounty,Oregon,0,0,0,0,nan%,0,0,36.217099741000034,-115.02469126399996,2021-02-02 20:02 EDT
Kanawha,West Virginia,11169,39,263,0,2.4%,69,78,38.33646158,-81.52819578,2021-02-02 20:02 EDT
Berkeley,West Virginia,8993,21,84,1,0.9%,247,63,39.46403265,-78.02752319,2021-02-02 20:02 EDT
Cabell,West Virginia,7167,48,146,0,2.0%,1029,18,38.41894853,-82.2397722,2021-02-02 20:02 EDT
Monongalia,West Virginia,7153,15,61,1,0.9%,149,87,39.63023386,-80.04655463,2021-02-02 20:02 EDT
Wood,West Virginia,6563,20,110,0,1.7%,179,86,39.20937427,-81.51335298,2021-02-02 20:02 EDT
Harrison,West Virginia,4512,21,57,1,1.3%,2359,92,39.28346122,-80.37982177,2021-02-02 20:02 EDT
Raleigh,West Virginia,4216,17,44,0,1.0%,1789,27,37.77129615,-81.24862247,2021-02-02 20:02 EDT
Mercer,West Virginia,3937,13,91,0,2.3%,289,6,37.40556515,-81.11143231,2021-02-02 20:02 EDT
Putnam,West Virginia,3872,29,68,0,1.8%,2599,37,38.50862526,-81.9090471,2021-02-02 20:02 EDT
Ohio,West Virginia,3415,4,63,0,1.8%,2659,22,40.09649573,-80.61665932,2021-02-02 20:02 EDT
Marion,West Virginia,3381,10,25,0,0.7%,2869,82,39.50994711,-80.24330409,2021-02-02 20:02 EDT
Jefferson,West Virginia,3366,6,34,0,1.0%,2019,43,39.30769274,-77.86269441,2021-02-02 20:02 EDT
Marshall,West Virginia,2838,15,63,0,2.2%,43339,44,39.86014917,-80.66105196,2021-02-02 20:02 EDT
Mineral,West Virginia,2510,7,75,0,3.0%,4259,9,39.41473579,-78.94367763,2021-02-02 20:02 EDT
Hancock,West Virginia,2495,6,82,0,3.3%,1039,8,40.52073347,-80.57189405,2021-02-02 20:02 EDT
Logan,West Virginia,2457,13,69,0,2.8%,4539,60,37.83147545,-81.93532583,2021-02-02 20:02 EDT
Preston,West Virginia,2433,2,38,0,1.6%,5429,5,39.46927499,-79.66809125,2021-02-02 20:02 EDT
Fayette,West Virginia,2417,19,66,0,2.7%,3149,6,38.02873859,-81.08116746,2021-02-02 20:02 EDT
Wayne,West Virginia,2405,16,28,0,1.2%,2289,22,38.14529525,-82.42674191,2021-02-02 20:02 EDT
Greenbrier,West Virginia,2268,4,49,0,2.2%,1899,0,37.94681143,-80.45295023,2021-02-02 20:02 EDT
Randolph,West Virginia,2230,16,9,0,0.4%,4069,8,38.77466674,-79.87579573,2021-02-02 20:02 EDT
Mingo,West Virginia,1944,17,21,0,1.1%,2079,9,37.72634646,-82.13470825,2021-02-02 20:02 EDT
Brooke,West Virginia,1920,0,48,0,2.5%,2039,9,40.27331902,-80.57476844,2021-02-02 20:02 EDT
Mason,West Virginia,1671,23,31,0,1.9%,4559,72,38.76801687,-82.02489034,2021-02-02 20:02 EDT
Wyoming,West Virginia,1615,22,28,0,1.7%,4417,2,37.6095473,-81.54914734,2021-02-02 20:02 EDT
Jackson,West Virginia,1592,0,45,0,2.8%,4489,2,38.83274522,-81.67323566,2021-02-02 20:02 EDT
Upshur,West Virginia,1506,9,23,0,1.5%,519,1,38.89780527,-80.23335659,2021-02-02 20:02 EDT
Boone,West Virginia,1446,15,30,0,2.1%,3829,5,38.0229065,-81.71132849,2021-02-02 20:02 EDT
Hampshire,West Virginia,1400,2,28,0,2.0%,2189,8,39.31701191,-78.61418924,2021-02-02 20:02 EDT
McDowell,West Virginia,1265,6,13,0,1.0%,41759,7,37.37847892,-81.65363983,2021-02-02 20:02 EDT
Hardy,West Virginia,1223,2,16,0,1.3%,2869,0,39.00741096,-78.85788551,2021-02-02 20:02 EDT
Lincoln,West Virginia,1134,5,12,0,1.1%,6519,92,38.17514116,-82.0706054,2021-02-02 20:02 EDT
Barbour,West Virginia,1129,0,18,0,1.6%,0,0,39.13287263,-80.00293833,2021-02-02 20:02 EDT
Nicholas,West Virginia,1063,4,11,0,1.0%,277,7,38.2916592,-80.79915087,2021-02-02 20:02 EDT
Taylor,West Virginia,1027,7,17,0,1.7%,1339,2,39.33597227,-80.04616834,2021-02-02 20:02 EDT
Wetzel,West Virginia,1014,1,19,0,1.9%,3979,1,39.60488922,-80.63754876,2021-02-02 20:02 EDT
Grant,West Virginia,1007,0,20,0,2.0%,4412,8,39.10509807,-79.19552078,2021-02-02 20:02 EDT
Monroe,West Virginia,887,2,11,0,1.2%,3759,5,37.560311799999994,-80.55042386,2021-02-02 20:02 EDT
Morgan,West Virginia,883,3,11,0,1.2%,474,9,39.56035619,-78.25774918,2021-02-02 20:02 EDT
Lewis,West Virginia,863,8,12,0,1.4%,99,1,38.99579042,-80.50241625,2021-02-02 20:02 EDT
Pleasants,West Virginia,775,3,15,0,1.9%,609,4,39.37019391,-81.15802317,2021-02-02 20:02 EDT
Braxton,West Virginia,749,0,1,0,0.1%,5689,9,38.69988315,-80.71923693,2021-02-02 20:02 EDT
Summers,West Virginia,677,2,21,0,3.1%,47869,5,37.65584082,-80.85851372,2021-02-02 20:02 EDT
Gilmer,West Virginia,592,3,6,0,1.0%,44359,3,38.92392652,-80.85725753,2021-02-02 20:02 EDT
Pendleton,West Virginia,583,8,4,0,0.7%,389,0,38.68067802,-79.35109097,2021-02-02 20:02 EDT
Tyler,West Virginia,577,1,4,0,0.7%,3869,7,39.46440764,-80.88298517,2021-02-02 20:02 EDT
Ritchie,West Virginia,568,1,8,0,1.4%,2379,9,39.17821486,-81.06286785,2021-02-02 20:02 EDT
Pocahontas,West Virginia,561,5,9,0,1.6%,5949,3,38.33176918,-80.00775615,2021-02-02 20:02 EDT
Roane,West Virginia,466,2,6,0,1.3%,4879,0,38.71403295,-81.34823,2021-02-02 20:02 EDT
Tucker,West Virginia,460,1,7,0,1.5%,217,8,39.11355083,-79.56492129,2021-02-02 20:02 EDT
Doddridge,West Virginia,416,4,5,0,1.2%,3219,9,39.26918587500006,-80.70692140899995,2021-02-02 20:02 EDT
Clay,West Virginia,358,3,4,0,1.1%,2269,4,38.46247747,-81.07508320000002,2021-02-02 20:02 EDT
Wirt,West Virginia,329,1,2,0,0.6%,5269,0,39.02259856,-81.37850886,2021-02-02 20:02 EDT
Webster,West Virginia,259,2,0,0,0.0%,9,8,38.49471976900003,-80.42186642399997,2021-02-02 20:02 EDT
Calhoun,West Virginia,214,0,0,0,0.0%,2869,0,38.84447982,-81.1174317,2021-02-02 20:02 EDT
Providence,Rhode Island,13144,0,0,0,0.0%,0,0,41.82387,-71.41199,2021-02-02 20:02 EDT
Kent,Rhode Island,1234,0,0,0,0.0%,0,0,41.67271166,-71.59151436,2021-02-02 20:02 EDT
Washington,Rhode Island,538,0,0,0,0.0%,0,0,41.47000004,-71.62280619,2021-02-02 20:02 EDT
Newport,Rhode Island,331,0,0,0,0.0%,0,0,41.553653000000004,-71.23356947,2021-02-02 20:02 EDT
Bristol,Rhode Island,256,0,0,0,0.0%,0,0,41.71809899,-71.28661489,2021-02-02 20:02 EDT
Minnehaha,South Dakota,27015,0,311,0,1.2%,4759,92,43.67417757,-96.79142458,2021-02-02 20:02 EDT
Pennington,South Dakota,12379,0,171,0,1.4%,4689,8,44.003745,-102.82390079999999,2021-02-02 20:02 EDT
Lincoln,South Dakota,7458,0,74,0,1.0%,5119,9,43.27891669,-96.72180706,2021-02-02 20:02 EDT
Brown,South Dakota,4940,0,80,0,1.6%,4679,0,45.58974,-98.35159132,2021-02-02 20:02 EDT
Codington,South Dakota,3754,0,74,0,2.0%,457,7,44.97785121,-97.18857024,2021-02-02 20:02 EDT
Brookings,South Dakota,3423,0,34,0,1.0%,2739,8,44.36967918,-96.7904787,2021-02-02 20:02 EDT
Davison,South Dakota,2902,0,59,0,2.0%,2229,1,43.67472829,-98.14595897,2021-02-02 20:02 EDT
Lawrence,South Dakota,2752,0,41,0,1.5%,417,4,44.35868628,-103.7922467,2021-02-02 20:02 EDT
Yankton,South Dakota,2747,0,28,0,1.0%,437,8,43.01232969,-97.39367652,2021-02-02 20:02 EDT
Beadle,South Dakota,2610,0,39,0,1.5%,509,0,44.41448462,-98.27810992,2021-02-02 20:02 EDT
Meade,South Dakota,2478,0,30,0,1.2%,4889,92,44.56676698,-102.7169964,2021-02-02 20:02 EDT
Hughes,South Dakota,2209,0,33,0,1.5%,6079,92,44.39433157,-99.98534764,2021-02-02 20:02 EDT
Oglala Lakota,South Dakota,2038,0,43,0,2.1%,729,0,43.33559374,-102.5516282,2021-02-02 20:02 EDT
Union,South Dakota,1870,0,38,0,2.0%,1829,7,42.83423984,-96.65600149,2021-02-02 20:02 EDT
Clay,South Dakota,1755,0,16,0,0.9%,7319,0,42.91679066,-96.97586927,2021-02-02 20:02 EDT
Bon Homme,South Dakota,1500,0,25,0,1.7%,0,0,42.99336042,-97.88666966,2021-02-02 20:02 EDT
Dewey,South Dakota,1389,0,20,0,1.4%,5389,0,45.16114801,-100.8912513,2021-02-02 20:02 EDT
Charles Mix,South Dakota,1229,0,18,0,1.5%,6259,2,43.20747461,-98.57667036,2021-02-02 20:02 EDT
Todd,South Dakota,1212,0,25,0,2.1%,4629,0,43.19335373,-100.7184225,2021-02-02 20:02 EDT
Lake,South Dakota,1141,0,17,0,1.5%,7199,0,44.02203325,-97.12935319,2021-02-02 20:02 EDT
Roberts,South Dakota,1109,0,35,0,3.2%,719,3,45.62967671,-96.94607345,2021-02-02 20:02 EDT
Turner,South Dakota,1042,0,50,0,4.8%,7339,0,43.31087946,-97.14865394,2021-02-02 20:02 EDT
Butte,South Dakota,956,0,20,0,2.1%,3339,0,44.90585048,-103.50805799999999,2021-02-02 20:02 EDT
Grant,South Dakota,920,0,37,0,4.0%,6259,5,45.17194003,-96.76769951,2021-02-02 20:02 EDT
Spink,South Dakota,763,0,25,0,3.3%,6879,0,44.93803743,-98.34619364,2021-02-02 20:02 EDT
Hutchinson,South Dakota,757,0,23,0,3.0%,509,0,43.33482907,-97.75438525,2021-02-02 20:02 EDT
Custer,South Dakota,726,0,11,0,1.5%,6679,0,43.67757393800008,-103.45162922299994,2021-02-02 20:02 EDT
McCook,South Dakota,718,0,23,0,3.2%,4667,0,43.67430648,-97.36842159999999,2021-02-02 20:02 EDT
Walworth,South Dakota,702,0,15,0,2.1%,759,0,45.43036158,-100.01833559999999,2021-02-02 20:02 EDT
Brule,South Dakota,680,0,8,0,1.2%,7149,0,43.7184273,-99.07374397,2021-02-02 20:02 EDT
Hamlin,South Dakota,669,0,38,0,5.7%,5839,0,44.67376151,-97.18838485,2021-02-02 20:02 EDT
Tripp,South Dakota,655,0,15,0,2.3%,4259,0,43.34590954,-99.88400722,2021-02-02 20:02 EDT
Day,South Dakota,610,0,27,0,4.4%,3539,1,45.36716607,-97.6073608,2021-02-02 20:02 EDT
Kingsbury,South Dakota,607,0,13,0,2.1%,509,0,44.3695776,-97.49150019,2021-02-02 20:02 EDT
Moody,South Dakota,602,0,16,0,2.7%,8249,0,44.02200432,-96.67087752,2021-02-02 20:02 EDT
Lyman,South Dakota,590,0,10,0,1.7%,7699,0,43.89298233,-99.85981043,2021-02-02 20:02 EDT
Fall River,South Dakota,505,0,14,0,2.8%,5389,0,43.23938256,-103.5274725,2021-02-02 20:02 EDT
Gregory,South Dakota,500,0,27,0,5.4%,259,0,43.191253403000076,-99.195643734,2021-02-02 20:02 EDT
Corson,South Dakota,461,0,11,0,2.4%,4509,0,45.70906269,-101.21245040000001,2021-02-02 20:02 EDT
Edmunds,South Dakota,460,0,9,0,2.0%,6259,0,45.41879159000007,-99.21528294099994,2021-02-02 20:02 EDT
Deuel,South Dakota,458,0,8,0,1.7%,509,0,44.76002029,-96.66795634,2021-02-02 20:02 EDT
Aurora,South Dakota,451,0,16,0,3.5%,259,0,43.71803221,-98.56157032,2021-02-02 20:02 EDT
Buffalo,South Dakota,420,0,13,0,3.1%,43009,0,44.07697222,-99.19681121,2021-02-02 20:02 EDT
Douglas,South Dakota,413,0,9,0,2.2%,509,0,43.38694073,-98.36618014,2021-02-02 20:02 EDT
Bennett,South Dakota,377,0,9,0,2.4%,759,0,43.19485643100006,-101.66392915899996,2021-02-02 20:02 EDT
Potter,South Dakota,345,0,3,0,0.9%,43339,0,45.064640229000084,-99.94453654399996,2021-02-02 20:02 EDT
Clark,South Dakota,339,0,4,0,1.2%,9,0,44.85829608,-97.72950128,2021-02-02 20:02 EDT
Perkins,South Dakota,338,0,12,0,3.6%,919,0,45.49045352800005,-102.47593969399998,2021-02-02 20:02 EDT
Faulk,South Dakota,337,0,13,0,3.9%,3759,0,45.07101085,-99.14523672,2021-02-02 20:02 EDT
Ziebach,South Dakota,335,0,9,0,2.7%,9,0,44.98070998,-101.6661895,2021-02-02 20:02 EDT
Hanson,South Dakota,335,0,4,0,1.2%,45009,0,43.67479909900003,-97.78728111199995,2021-02-02 20:02 EDT
Sanborn,South Dakota,324,0,3,0,0.9%,0,0,44.02344691,-98.09133904,2021-02-02 20:02 EDT
Hand,South Dakota,320,0,5,0,1.6%,0,0,44.54775883,-99.004953,2021-02-02 20:02 EDT
Stanley,South Dakota,317,0,2,0,0.6%,5569,0,44.4079422,-100.744908,2021-02-02 20:02 EDT
Marshall,South Dakota,287,0,5,0,1.7%,9,0,45.75868575,-97.598465,2021-02-02 20:02 EDT
Miner,South Dakota,270,0,7,0,2.6%,4286,0,44.02193198,-97.61021243,2021-02-02 20:02 EDT
Jackson,South Dakota,268,0,13,0,4.9%,0,0,43.69422646,-101.6280548,2021-02-02 20:02 EDT
Jerauld,South Dakota,267,0,16,0,6.0%,0,0,44.06633049,-98.62972734,2021-02-02 20:02 EDT
Haakon,South Dakota,240,0,9,0,3.8%,0,0,44.294601682000064,-101.53995230899994,2021-02-02 20:02 EDT
Mellette,South Dakota,239,0,2,0,0.8%,609,0,43.58117749600007,-100.76002727899996,2021-02-02 20:02 EDT
McPherson,South Dakota,235,0,4,0,1.7%,9179,0,45.76635801,-99.22144486,2021-02-02 20:02 EDT
Sully,South Dakota,135,0,3,0,2.2%,809,0,44.71597131,-100.10708829999999,2021-02-02 20:02 EDT
Hyde,South Dakota,134,0,1,0,0.7%,0,0,44.54829273,-99.48688168,2021-02-02 20:02 EDT
Campbell,South Dakota,126,0,4,0,3.2%,9,0,45.77002452300008,-100.03906093199998,2021-02-02 20:02 EDT
Harding,South Dakota,90,0,1,0,1.1%,1009,0,45.58035305100003,-103.49591857399996,2021-02-02 20:02 EDT
Jones,South Dakota,82,0,0,0,0.0%,509,0,43.96058125400003,-100.68966984399998,2021-02-02 20:02 EDT
Cass,North Dakota,20985,19,190,0,0.9%,1749,38,46.93296954,-97.24812121,2021-02-02 20:02 EDT
Burleigh,North Dakota,14298,26,185,0,1.3%,1319,13,46.97801044,-100.4669442,2021-02-02 20:02 EDT
Grand Forks,North Dakota,9664,8,72,0,0.7%,209,4,47.92433,-97.03173000000001,2021-02-02 20:02 EDT
Ward,North Dakota,8947,8,186,0,2.1%,759,6,48.22168092,-101.5418179,2021-02-02 20:02 EDT
Morton,North Dakota,4851,3,93,0,1.9%,279,7,46.71678116,-101.28570520000001,2021-02-02 20:02 EDT
Williams,North Dakota,4321,8,35,0,0.8%,129,1,48.35100161,-103.4850512,2021-02-02 20:02 EDT
Stark,North Dakota,4253,5,48,0,1.1%,41439,2,46.81068729,-102.6551405,2021-02-02 20:02 EDT
Stutsman,North Dakota,3243,4,76,0,2.3%,309,4,46.97924391,-98.95884002,2021-02-02 20:02 EDT
Rolette,North Dakota,2074,1,28,0,1.4%,289,8,48.77249601,-99.84097884,2021-02-02 20:02 EDT
Walsh,North Dakota,1736,2,24,0,1.4%,509,0,48.36945576,-97.72132783,2021-02-02 20:02 EDT
Richland,North Dakota,1706,7,16,0,0.9%,4299,5,46.26471966,-96.94839003,2021-02-02 20:02 EDT
Ramsey,North Dakota,1574,1,30,0,1.9%,4209,8,48.28014304,-98.70822525,2021-02-02 20:02 EDT
Barnes,North Dakota,1277,0,31,0,2.4%,509,0,46.93610257,-98.07157131,2021-02-02 20:02 EDT
Mountrail,North Dakota,1253,3,17,0,1.4%,43759,1,48.21287782,-102.3500545,2021-02-02 20:02 EDT
McLean,North Dakota,1174,0,31,0,2.6%,3859,0,47.56193754,-101.0094125,2021-02-02 20:02 EDT
McKenzie,North Dakota,1135,2,11,0,1.0%,259,5,47.73066821,-103.4041735,2021-02-02 20:02 EDT
Mercer,North Dakota,1053,0,9,0,0.9%,6679,0,47.29574847,-101.83653709999999,2021-02-02 20:02 EDT
Benson,North Dakota,1024,1,18,0,1.8%,209,0,48.07006188,-99.38149654,2021-02-02 20:02 EDT
Traill,North Dakota,975,3,18,0,1.8%,4719,0,47.45416641,-97.16153904,2021-02-02 20:02 EDT
Dickey,North Dakota,725,0,32,0,4.4%,9,0,46.11012439100006,-98.50472916899996,2021-02-02 20:02 EDT
Pembina,North Dakota,719,1,11,0,1.5%,509,0,48.76743624,-97.55219406,2021-02-02 20:02 EDT
Bottineau,North Dakota,649,1,20,0,3.1%,9,2,48.79218878,-100.8333447,2021-02-02 20:02 EDT
Sioux,North Dakota,642,1,11,0,1.7%,259,0,46.11203762,-101.05366690000001,2021-02-02 20:02 EDT
Ransom,North Dakota,596,1,16,0,2.7%,4299,0,46.45615312,-97.65746433,2021-02-02 20:02 EDT
McHenry,North Dakota,557,1,21,0,3.8%,46009,0,48.23454312,-100.6363092,2021-02-02 20:02 EDT
Foster,North Dakota,547,1,19,0,3.5%,9,0,47.45706281,-98.88302325,2021-02-02 20:02 EDT
Pierce,North Dakota,513,0,24,0,4.7%,4667,0,48.24958814,-99.97183050000001,2021-02-02 20:02 EDT
LaMoure,North Dakota,499,0,17,0,3.4%,1009,0,46.45691838700003,-98.53546874299995,2021-02-02 20:02 EDT
Eddy,North Dakota,452,3,6,0,1.3%,43409,92,47.71757728,-98.90163727,2021-02-02 20:02 EDT
Nelson,North Dakota,439,1,12,0,2.7%,42009,0,47.9216861,-98.19201871,2021-02-02 20:02 EDT
Sargent,North Dakota,420,2,6,0,1.4%,4509,0,46.107952600000004,-97.63078942,2021-02-02 20:02 EDT
Cavalier,North Dakota,416,0,4,0,1.0%,42009,0,48.77226031800007,-98.46487703599995,2021-02-02 20:02 EDT
Wells,North Dakota,413,0,8,0,1.9%,9,0,47.58751459,-99.66089024,2021-02-02 20:02 EDT
Emmons,North Dakota,406,0,12,0,3.0%,1009,0,46.28371434,-100.22800050000001,2021-02-02 20:02 EDT
Bowman,North Dakota,364,4,4,0,1.1%,3759,0,46.11255238,-103.52062109999999,2021-02-02 20:02 EDT
Dunn,North Dakota,363,0,7,0,1.9%,509,0,47.34732286,-102.6257118,2021-02-02 20:02 EDT
McIntosh,North Dakota,320,0,7,0,2.2%,1009,0,46.11176855,-99.44121417,2021-02-02 20:02 EDT
Griggs,North Dakota,308,0,2,0,0.6%,0,0,47.45727065,-98.23698415,2021-02-02 20:02 EDT
Renville,North Dakota,299,0,13,0,4.3%,609,0,48.71903032,-101.65778759999999,2021-02-02 20:02 EDT
Towner,North Dakota,299,0,11,0,3.7%,609,0,48.685580611000034,-99.245798811,2021-02-02 20:02 EDT
Hettinger,North Dakota,292,0,4,0,1.4%,9,0,46.432499680000035,-102.46026592799996,2021-02-02 20:02 EDT
Adams,North Dakota,259,0,2,0,0.8%,6439,0,46.09680934500005,-102.52857166099994,2021-02-02 20:02 EDT
Kidder,North Dakota,253,0,9,0,3.6%,1009,0,46.98009001200006,-99.78010894099998,2021-02-02 20:02 EDT
Golden Valley,North Dakota,241,0,3,0,1.2%,1009,0,47.289890000000064,-102.06011999999998,2021-02-02 20:02 EDT
Logan,North Dakota,218,0,8,0,3.7%,0,0,46.457341392000046,-99.47744289399998,2021-02-02 20:02 EDT
Burke,North Dakota,216,1,1,0,0.5%,4667,0,48.79099258,-102.5182517,2021-02-02 20:02 EDT
Grant,North Dakota,183,0,7,0,3.8%,6679,0,46.3582648,-101.6396618,2021-02-02 20:02 EDT
Steele,North Dakota,168,0,2,0,1.2%,1009,0,47.45613565,-97.72461492,2021-02-02 20:02 EDT
Oliver,North Dakota,151,0,2,0,1.3%,1009,0,47.11449662,-101.3433504,2021-02-02 20:02 EDT
Divide,North Dakota,147,0,2,0,1.4%,1009,0,48.81491007,-103.48738420000001,2021-02-02 20:02 EDT
Sheridan,North Dakota,101,0,2,0,2.0%,0,0,47.575429307000036,-100.34556672799994,2021-02-02 20:02 EDT
Billings,North Dakota,53,0,0,0,0.0%,0,0,47.02349975800007,-103.376307743,2021-02-02 20:02 EDT
Slope,North Dakota,30,0,0,0,0.0%,0,0,46.44717985,-103.4598111,2021-02-02 20:02 EDT
Lamoure,North Dakota,1,0,0,0,0.0%,0,0,46.45691839300008,-98.53546876999997,2021-02-02 20:02 EDT
Yellowstone,Montana,15508,42,178,1,1.1%,46529,56,45.93711629,-108.2743481,2021-02-02 20:02 EDT
Gallatin,Montana,11402,32,46,0,0.4%,2979,42,45.54045182,-111.17041090000002,2021-02-02 20:02 EDT
Flathead,Montana,10209,30,74,0,0.7%,469,70,48.29795411,-114.0491365,2021-02-02 20:02 EDT
Missoula,Montana,7735,21,81,0,1.0%,2899,92,46.87278,-113.99625,2021-02-02 20:02 EDT
Cascade,Montana,7302,15,141,0,1.9%,459,4,47.30765306,-111.3468672,2021-02-02 20:02 EDT
Lewis and Clark,Montana,5932,28,61,1,1.0%,1689,63,47.12481497,-112.3941446,2021-02-02 20:02 EDT
Silver Bow,Montana,3469,16,78,11,2.2%,411159,29,45.99544,-112.65661000000001,2021-02-02 20:02 EDT
Ravalli,Montana,2499,18,27,0,1.1%,43339,6,46.08168318,-114.12154369999999,2021-02-02 20:02 EDT
Big Horn,Montana,2266,10,69,0,3.0%,509,5,45.42337667,-107.4896564,2021-02-02 20:02 EDT
Hill,Montana,1827,2,39,0,2.1%,416369,9,48.6282306,-110.11129650000001,2021-02-02 20:02 EDT
Lake,Montana,1810,10,26,0,1.4%,5519,92,47.62820011,-114.08583159999999,2021-02-02 20:02 EDT
Roosevelt,Montana,1494,6,53,0,3.5%,1039,5,48.29567118,-105.01703529999999,2021-02-02 20:02 EDT
Glacier,Montana,1468,3,29,0,2.0%,42009,1,48.70498889,-112.99477340000001,2021-02-02 20:02 EDT
Lincoln,Montana,1411,13,9,0,0.6%,5419,4,48.54020574,-115.4071753,2021-02-02 20:02 EDT
Rosebud,Montana,1149,1,42,0,3.7%,8719,0,46.22968769400006,-106.73074215299994,2021-02-02 20:02 EDT
Custer,Montana,1123,1,14,0,1.2%,4079,6,46.25268861800004,-105.57177819899994,2021-02-02 20:02 EDT
Park,Montana,1038,0,7,0,0.7%,509,6,45.48845053,-110.5262422,2021-02-02 20:02 EDT
Dawson,Montana,1033,0,28,0,2.7%,1159,3,47.26640880300005,-104.89949425699993,2021-02-02 20:02 EDT
Fergus,Montana,986,1,19,0,1.9%,509,3,47.26316314,-109.22461659999999,2021-02-02 20:02 EDT
Deer Lodge,Montana,980,2,10,0,1.0%,4199,5,46.39733,-112.73533,2021-02-02 20:02 EDT
Richland,Montana,976,0,13,0,1.3%,3339,2,47.78669131,-104.5611333,2021-02-02 20:02 EDT
Jefferson,Montana,950,3,7,0,0.7%,3619,3,46.14839937,-112.0938054,2021-02-02 20:02 EDT
Powell,Montana,872,2,7,0,0.8%,2679,1,46.85660495200006,-112.93620828499996,2021-02-02 20:02 EDT
Beaverhead,Montana,852,0,8,0,0.9%,1119,0,45.13265360000001,-112.89872859999998,2021-02-02 20:02 EDT
Carbon,Montana,782,3,11,0,1.4%,599,6,45.22734504,-109.0281534,2021-02-02 20:02 EDT
Valley,Montana,764,1,10,0,1.3%,412119,2,48.37867385200008,-106.66574267799996,2021-02-02 20:02 EDT
Toole,Montana,698,1,10,0,1.4%,43339,0,48.65528359,-111.695678,2021-02-02 20:02 EDT
Blaine,Montana,676,6,24,0,3.6%,43509,5,48.433172857000045,-108.95851414899994,2021-02-02 20:02 EDT
Stillwater,Montana,660,20,12,0,1.8%,426679,4,45.66923488,-109.39509240000001,2021-02-02 20:02 EDT
Madison,Montana,641,3,7,0,1.1%,5839,0,45.30086479,-111.9203794,2021-02-02 20:02 EDT
Sanders,Montana,555,2,10,0,1.8%,5299,0,47.674762382000026,-115.13336212999997,2021-02-02 20:02 EDT
Phillips,Montana,480,2,14,1,2.9%,359,3,48.26390059100005,-107.91401566399998,2021-02-02 20:02 EDT
Chouteau,Montana,450,7,5,0,1.1%,420009,1,47.880575912000026,-110.43521795599995,2021-02-02 20:02 EDT
Pondera,Montana,444,3,3,0,0.7%,1339,3,48.22794316,-112.2270215,2021-02-02 20:02 EDT
Teton,Montana,396,0,5,0,1.3%,9,3,47.837287521000064,-112.24085870899995,2021-02-02 20:02 EDT
Sheridan,Montana,384,1,5,0,1.3%,413339,0,48.72118845700004,-104.50468559099994,2021-02-02 20:02 EDT
Broadwater,Montana,367,0,4,1,1.1%,4609,6,46.2694,-111.45200000000001,2021-02-02 20:02 EDT
Sweet Grass,Montana,333,2,6,0,1.8%,44009,0,48.996110000000044,-111.96059999999994,2021-02-02 20:02 EDT
Musselshell,Montana,292,0,8,0,2.7%,4259,0,46.49641236,-108.39766750000001,2021-02-02 20:02 EDT
Fallon,Montana,272,0,2,0,0.7%,1009,0,46.33396831600004,-104.41735118299994,2021-02-02 20:02 EDT
Mineral,Montana,213,0,0,0,0.0%,41009,0,47.147212307000075,-114.99838440299999,2021-02-02 20:02 EDT
Daniels,Montana,191,2,6,0,3.1%,1119,0,48.78382132300004,-105.54867478499996,2021-02-02 20:02 EDT
Granite,Montana,188,0,2,0,1.1%,42009,0,46.403393189000035,-113.44110347999998,2021-02-02 20:02 EDT
Mccone,Montana,162,2,0,0,0.0%,4209,0,47.64240220800008,-105.79010079999996,2021-02-02 20:02 EDT
Wheatland,Montana,160,2,6,0,3.8%,41509,0,46.46634036,-109.8444318,2021-02-02 20:02 EDT
Carter,Montana,139,0,5,0,3.6%,0,0,45.51670928900006,-104.53614999099995,2021-02-02 20:02 EDT
Prairie,Montana,127,0,2,0,1.6%,0,0,46.86051453400006,-105.37796126999996,2021-02-02 20:02 EDT
Meagher,Montana,116,0,7,0,6.0%,9,0,46.59821232,-110.8856935,2021-02-02 20:02 EDT
Wibaux,Montana,114,1,5,0,4.4%,0,0,46.96536793800004,-104.24894211699996,2021-02-02 20:02 EDT
Powder River,Montana,108,0,6,0,5.6%,1009,0,45.39497487800003,-105.63016442099995,2021-02-02 20:02 EDT
Liberty,Montana,106,0,1,0,0.9%,41009,0,48.56171866,-111.02459309999999,2021-02-02 20:02 EDT
Judith Basin,Montana,84,0,1,0,1.2%,41009,0,47.04544696300008,-110.26614071200001,2021-02-02 20:02 EDT
Garfield,Montana,75,0,2,0,2.7%,0,0,47.260549632000036,-107.002255097,2021-02-02 20:02 EDT
Treasure,Montana,53,0,1,0,1.9%,1009,0,46.211430459000034,-107.27164989399996,2021-02-02 20:02 EDT
Golden Valley,Montana,51,0,2,0,3.9%,9,0,46.38125983,-109.174989,2021-02-02 20:02 EDT
Petroleum,Montana,12,0,1,0,8.3%,0,0,47.114500210000074,-108.251987935,2021-02-02 20:02 EDT
New Castle,Delaware,44683,113,553,4,1.2%,279,658,39.65977,-75.56394,2021-02-02 20:02 EDT
Sussex,Delaware,20867,43,349,0,1.7%,227,87,38.66201719,-75.39879573,2021-02-02 20:02 EDT
Kent,Delaware,12964,46,206,3,1.6%,1329,58,39.08881449,-75.56713028,2021-02-02 20:02 EDT
Hillsborough-Other,New Hampshire,20981,0,372,0,1.8%,3569,22,42.91530439,-71.71604123,2021-02-02 20:02 EDT
Rockingham,New Hampshire,16103,0,184,0,1.1%,3339,26,43.04954,-70.93216,2021-02-02 20:02 EDT
Merrimack,New Hampshire,6687,0,95,0,1.4%,259,55,43.29765353,-71.680181,2021-02-02 20:02 EDT
Strafford,New Hampshire,5680,0,61,0,1.1%,279,22,43.29871738,-71.03042453,2021-02-02 20:02 EDT
Hillsborough-Manchester,New Hampshire,3037,0,134,0,4.4%,0,0,42.91530439,-71.71604123,2021-02-02 20:02 EDT
Belknap,New Hampshire,2829,0,88,0,3.1%,3769,28,43.50919599,-71.43072444,2021-02-02 20:02 EDT
Cheshire,New Hampshire,2263,0,20,0,0.9%,3679,7,42.9193685,-72.25117484,2021-02-02 20:02 EDT
Grafton,New Hampshire,1977,0,14,0,0.7%,4629,27,43.56212,-71.95114000000002,2021-02-02 20:02 EDT
Hillsborough-Nashua,New Hampshire,1701,0,40,0,2.4%,0,0,42.91530439,-71.71604123,2021-02-02 20:02 EDT
Carroll,New Hampshire,1493,0,6,0,0.4%,3089,2,43.8128,-71.2506,2021-02-02 20:02 EDT
Coos,New Hampshire,1153,0,25,0,2.2%,6519,4,44.68947809,-71.30555724,2021-02-02 20:02 EDT
Sullivan,New Hampshire,1116,0,16,0,1.4%,1629,19,43.3612061,-72.22241717,2021-02-02 20:02 EDT
Countytba,New Hampshire,0,0,0,0,nan%,0,0,42.3402715,-72.66940388,2021-02-02 20:02 EDT
Anchorage,Alaska,25360,0,139,0,0.5%,2169,26,61.217530000000004,-149.85825,2021-02-02 20:02 EDT
Matanuska-Susitna,Alaska,7482,0,27,0,0.4%,3019,28,62.31574809,-149.5749125,2021-02-02 20:02 EDT
Fairbanks North Star,Alaska,5830,0,26,0,0.4%,5039,1,64.80850665,-146.56348119999996,2021-02-02 20:02 EDT
Kenai Peninsula,Alaska,3877,0,18,0,0.5%,5249,0,60.19161038,-150.2941564,2021-02-02 20:02 EDT
Bethel,Alaska,3340,0,15,0,0.4%,1849,42,60.92035844,-159.74670700000001,2021-02-02 20:02 EDT
Juneau,Alaska,1149,0,5,0,0.4%,41949,7,58.45801034,-134.17676799999998,2021-02-02 20:02 EDT
Kusilvak,Alaska,1123,0,3,0,0.3%,4869,6,62.150800259000036,-163.37864774699997,2021-02-02 20:02 EDT
Kodiak Island,Alaska,1034,0,5,0,0.5%,4259,5,57.43472219,-153.5473232,2021-02-02 20:02 EDT
North Slope,Alaska,975,0,3,0,0.3%,1439,0,69.30428484,-153.4393349,2021-02-02 20:02 EDT
Northwest Arctic,Alaska,572,0,0,0,0.0%,8399,0,67.06308002,-159.7079221,2021-02-02 20:02 EDT
Valdez-Cordova,Alaska,441,0,3,0,0.7%,427789,4,61.569437521000054,-144.43824452599998,2021-02-02 20:02 EDT
Southeast Fairbanks,Alaska,433,0,3,0,0.7%,46259,3,63.87414645,-143.21049580000005,2021-02-02 20:02 EDT
Aleutians West,Alaska,339,0,0,0,0.0%,45569,2,53.64419388400006,-166.61412,2021-02-02 20:02 EDT
Nome,Alaska,310,0,0,0,0.0%,4299,0,64.89422438,-163.9690772,2021-02-02 20:02 EDT
Sitka,Alaska,297,0,0,0,0.0%,44009,0,57.23774965,-135.30228459999998,2021-02-02 20:02 EDT
Ketchikan Gateway,Alaska,276,0,1,0,0.4%,4409,0,55.00186527,-130.54977,2021-02-02 20:02 EDT
Yukon-Koyukuk,Alaska,268,0,4,0,1.5%,4409,0,65.51222599,-151.38540759999995,2021-02-02 20:02 EDT
Dillingham,Alaska,168,0,1,0,0.6%,509,0,59.80036956900005,-158.20334495599997,2021-02-02 20:02 EDT
Aleutians East,Alaska,101,0,0,0,0.0%,9,1,55.26640054500007,-162.19908539599996,2021-02-02 20:02 EDT
Bristol Bay plus Lake Peninsula,Alaska,91,0,0,0,0.0%,0,0,58.71960207,-156.7600581,2021-02-02 20:02 EDT
Prince of Wales-Hyder,Alaska,70,0,1,0,1.4%,0,0,55.81191637,-133.007203,2021-02-02 20:02 EDT
Denali,Alaska,67,0,0,0,0.0%,759,0,63.67347000400008,-150.00889258499996,2021-02-02 20:02 EDT
Yakutat plus Hoonah-Angoon,Alaska,47,0,1,0,2.1%,0,0,58.72732234900008,-137.28781749999996,2021-02-02 20:02 EDT
Petersburg,Alaska,43,0,1,0,2.3%,0,0,57.12921913,-132.92313670000001,2021-02-02 20:02 EDT
Wrangell,Alaska,25,0,0,0,0.0%,0,0,56.38696084200007,-131.80326638399998,2021-02-02 20:02 EDT
Haines,Alaska,23,0,0,0,0.0%,9,0,59.12204598900007,-135.50484458399995,2021-02-02 20:02 EDT
Skagway,Alaska,17,0,0,0,0.0%,0,0,59.56190267900007,-135.33731500599998,2021-02-02 20:02 EDT
Out of State,Alaska,1,0,0,0,0.0%,0,0,64.00028000000003,-150.00027999999998,2021-02-02 20:02 EDT
Laramie,Wyoming,8002,0,0,0,0.0%,509,3,41.30696127,-104.68954980000001,2021-02-02 20:02 EDT
Natrona,Wyoming,7543,5,0,0,0.0%,2669,35,42.96215393,-106.7985971,2021-02-02 20:02 EDT
Campbell,Wyoming,4629,0,0,0,0.0%,549,3,44.24841038,-105.5483854,2021-02-02 20:02 EDT
Fremont,Wyoming,4496,14,0,0,0.0%,659,0,43.04051864,-108.63049740000001,2021-02-02 20:02 EDT
Albany,Wyoming,3790,1,0,0,0.0%,2979,5,41.48753,-105.64273999999999,2021-02-02 20:02 EDT
Sweetwater,Wyoming,3510,7,0,0,0.0%,339,9,41.66130939,-108.8768938,2021-02-02 20:02 EDT
Teton,Wyoming,3151,5,0,0,0.0%,2959,58,43.91885107,-110.5962596,2021-02-02 20:02 EDT
Sheridan,Wyoming,2903,17,0,0,0.0%,4599,2,44.79792,-106.95586999999999,2021-02-02 20:02 EDT
Park,Wyoming,2543,0,0,0,0.0%,5779,92,44.52055108,-109.5884635,2021-02-02 20:02 EDT
Uinta,Wyoming,1975,7,0,0,0.0%,399,0,41.2874783,-110.54767120000001,2021-02-02 20:02 EDT
Carbon,Wyoming,1212,3,0,0,0.0%,177,1,41.69460745,-106.9306547,2021-02-02 20:02 EDT
Lincoln,Wyoming,1146,7,0,0,0.0%,4517,4,42.26405072,-110.6560078,2021-02-02 20:02 EDT
Goshen,Wyoming,1121,0,0,0,0.0%,41439,6,42.08788625,-104.3532886,2021-02-02 20:02 EDT
Big Horn,Wyoming,983,5,0,0,0.0%,4489,7,44.68042,-106.99163999999999,2021-02-02 20:02 EDT
Converse,Wyoming,909,3,0,0,0.0%,9,0,42.97243538,-105.5071662,2021-02-02 20:02 EDT
Washakie,Wyoming,868,2,0,0,0.0%,7069,0,43.9049501,-107.68311000000001,2021-02-02 20:02 EDT
Sublette,Wyoming,655,1,0,0,0.0%,4109,1,42.76685107,-109.9147432,2021-02-02 20:02 EDT
Johnson,Wyoming,613,0,1,0,0.2%,8189,0,44.03874334,-106.5846902,2021-02-02 20:02 EDT
Weston,Wyoming,611,1,0,0,0.0%,759,0,43.84049175,-104.5679427,2021-02-02 20:02 EDT
Platte,Wyoming,562,0,0,0,0.0%,414299,7,42.13299363,-104.9657729,2021-02-02 20:02 EDT
Crook,Wyoming,414,0,0,0,0.0%,509,0,44.58857498,-104.56998370000001,2021-02-02 20:02 EDT
Hot Springs,Wyoming,355,0,0,0,0.0%,7699,0,43.71887001,-108.4420688,2021-02-02 20:02 EDT
Niobrara,Wyoming,146,0,0,0,0.0%,0,0,43.05647094,-104.4753635,2021-02-02 20:02 EDT
Cumberland,Maine,11330,67,165,4,1.5%,3219,54,43.790279999999996,-70.24611999999999,2021-02-02 20:02 EDT
York,Maine,8533,81,103,3,1.2%,4289,15,43.47852983,-70.71542947,2021-02-02 20:02 EDT
Androscoggin,Maine,4378,33,55,0,1.3%,4099,24,44.16587609,-70.20645861,2021-02-02 20:02 EDT
Penobscot,Maine,3468,29,67,4,1.9%,4099,95,45.40051207,-68.64945726,2021-02-02 20:02 EDT
Kennebec,Maine,3208,84,45,2,1.4%,2069,50,44.40914805,-69.76727562,2021-02-02 20:02 EDT
Oxford,Maine,1948,26,40,5,2.1%,359,34,44.50009572,-70.75666912,2021-02-02 20:02 EDT
Aroostook,Maine,1162,16,43,4,3.7%,669,7,46.81725,-67.92749,2021-02-02 20:02 EDT
Somerset,Maine,1101,8,26,1,2.4%,3429,2,45.51385941,-69.95885629,2021-02-02 20:02 EDT
Sagadahoc,Maine,809,22,1,0,0.1%,2239,0,44.01959008,-69.96386,2021-02-02 20:02 EDT
Hancock,Maine,796,12,30,0,3.8%,3029,4,44.66861141,-68.35812311,2021-02-02 20:02 EDT
Franklin,Maine,784,9,8,0,1.0%,4299,2,44.97415068,-70.44406813,2021-02-02 20:02 EDT
Washington,Maine,642,8,10,0,1.6%,2369,5,45.03709123,-67.63611719,2021-02-02 20:02 EDT
Knox,Maine,583,5,4,0,0.7%,5669,3,44.15158951,-69.17885004,2021-02-02 20:02 EDT
Waldo,Maine,522,5,18,0,3.4%,327,5,44.50319162,-69.14459901,2021-02-02 20:02 EDT
Lincoln,Maine,487,13,2,0,0.4%,1439,2,44.07018534,-69.54387103,2021-02-02 20:02 EDT
Piscataquis,Maine,208,3,1,0,0.5%,1749,9,45.84052685,-69.27362207,2021-02-02 20:02 EDT
Washington,District of Columbia,37138,130,921,5,2.5%,29,438,38.890370000000004,-77.03196,2021-02-02 20:02 EDT
McKinley(NM),Navajo Nation,912,0,0,0,0.0%,0,0,35.90181,-109.03041,2021-02-02 20:02 EDT
Apache(AZ),Navajo Nation,889,0,0,0,0.0%,0,0,35.5229924,-109.8559527,2021-02-02 20:02 EDT
Navajo(AZ),Navajo Nation,697,0,0,0,0.0%,0,0,35.39955057,-110.3213878,2021-02-02 20:02 EDT
San Juan(NM),Navajo Nation,410,0,0,0,0.0%,0,0,36.76551132,-108.70199709999999,2021-02-02 20:02 EDT
Coconino(AZ),Navajo Nation,335,0,0,0,0.0%,0,0,36.84050697,-112.12919679999999,2021-02-02 20:02 EDT
San Juan(UT),Navajo Nation,57,0,0,0,0.0%,0,0,37.03544455,-110.3107879,2021-02-02 20:02 EDT
Cibola(NM),Navajo Nation,37,0,0,0,0.0%,0,0,34.91236636,-108.0000561,2021-02-02 20:02 EDT
Socorro(NM),Navajo Nation,26,0,0,0,0.0%,0,0,34.06488507,-106.9051558,2021-02-02 20:02 EDT
Sandoval(NM),Navajo Nation,21,0,0,0,0.0%,0,0,35.68878872,-106.8666133,2021-02-02 20:02 EDT
Bernalillo(NM),Navajo Nation,3,0,0,0,0.0%,0,0,35.05128463,-106.6703125,2021-02-02 20:02 EDT
Honolulu,Hawaii,21155,0,327,0,1.5%,2849,6,21.30493,-157.85788,2021-02-02 20:02 EDT
Maui,Hawaii,2335,0,26,0,1.1%,1599,48,20.85953512,-156.5646068,2021-02-02 20:02 EDT
Hawaii,Hawaii,2198,0,53,0,2.4%,239,2,19.59811746,-155.5183607,2021-02-02 20:02 EDT
Kauai,Hawaii,181,0,1,0,0.6%,3339,0,22.0825024,-159.7275965,2021-02-02 20:02 EDT
Kalawao,Hawaii,1,0,0,0,0.0%,0,0,21.17010886800005,-156.949355568,2021-02-02 20:02 EDT
Residents Diagnosed Outside of HI,Hawaii,0,0,0,0,nan%,0,0,19.59812218,-155.5183628,2021-02-02 20:02 EDT
Chittenden,Vermont,4114,19,80,0,1.9%,349,90,44.45799511,-73.05404973,2021-02-02 20:02 EDT
Washington,Vermont,1234,9,12,0,1.0%,2869,0,44.27344561,-72.61485925,2021-02-02 20:02 EDT
Bennington,Vermont,1106,9,4,0,0.4%,69,56,42.87672,-73.19818000000002,2021-02-02 20:02 EDT
Rutland,Vermont,929,42,9,0,1.0%,45869,57,43.57982762,-73.03585821,2021-02-02 20:02 EDT
Windsor,Vermont,868,6,6,0,0.7%,42329,9,43.48115,-72.38580999999998,2021-02-02 20:02 EDT
Franklin,Vermont,816,14,35,1,4.3%,48049,2,44.85731714,-72.89153543,2021-02-02 20:02 EDT
Windham,Vermont,809,1,10,0,1.2%,3059,1,42.9906195,-72.71390946,2021-02-02 20:02 EDT
Addison,Vermont,600,3,8,0,1.3%,799,5,44.028073600000006,-73.13152876,2021-02-02 20:02 EDT
Orange,Vermont,429,1,1,0,0.2%,43139,1,44.148540000000004,-72.40233,2021-02-02 20:02 EDT
Orleans,Vermont,364,4,5,0,1.4%,2739,6,44.82884672,-72.24379498,2021-02-02 20:02 EDT
Lamoille,Vermont,358,0,2,0,0.6%,5629,4,44.6057044,-72.64147068,2021-02-02 20:02 EDT
Caledonia,Vermont,345,7,4,0,1.2%,42759,0,44.46473752,-72.10233246,2021-02-02 20:02 EDT
Essex,Vermont,132,0,0,0,0.0%,43339,2,44.72785385,-71.73619111,2021-02-02 20:02 EDT
Grand Isle,Vermont,86,1,0,0,0.0%,409,0,44.722120000000004,-73.29337,2021-02-02 20:02 EDT
Guam,Guam,7579,0,129,0,1.7%,5629,2,13.52808,144.85503,2021-02-02 20:02 EDT
St. Thomas,US Virgin Islands,1197,1,0,0,0.0%,41259,6,18.34899,-64.93042,2021-02-02 20:02 EDT
St. Croix,US Virgin Islands,1025,4,0,0,0.0%,3069,4,17.73563,-64.74795,2021-02-02 20:02 EDT
St. John,US Virgin Islands,204,0,0,0,0.0%,3339,0,18.33870409,-64.7379487,2021-02-02 20:02 EDT
Northern Mariana Islands,Northern Mariana Islands,31,0,2,0,6.5%,0,0,15.188824770000052,145.7535104870001,2021-02-02 20:02 EDT
Unassigned,California,0,0,0,0,nan%,0,0,36.11620300000001,-119.681564,2021-02-02 20:02 EDT
Unassigned,Texas,0,0,739,0,inf%,0,0,31.054487,-97.563461,2021-02-02 20:02 EDT
Unassigned,Florida,3338,0,0,0,0.0%,418579,0,27.766279,-81.68678299999998,2021-02-02 20:02 EDT
Unassigned,New York,0,0,0,0,nan%,0,0,42.165726,-74.948051,2021-02-02 20:02 EDT
Unassigned,Illinois,409,0,0,0,0.0%,0,0,40.349457,-88.986137,2021-02-02 20:02 EDT
Unassigned,Georgia,4024,226,10,0,0.2%,0,48,33.040619,-83.643074,2021-02-02 20:02 EDT
Unassigned,Ohio,0,0,0,0,nan%,0,0,40.388783,-82.764915,2021-02-02 20:02 EDT
Unassigned,Pennsylvania,0,0,0,0,nan%,0,0,40.590752,-77.209755,2021-02-02 20:02 EDT
Unassigned,Arizona,19,0,0,0,0.0%,0,0,33.729759,-111.431221,2021-02-02 20:02 EDT
Unassigned,North Carolina,0,0,0,0,nan%,0,0,35.630066,-79.80641899999998,2021-02-02 20:02 EDT
Unassigned,Tennessee,24872,101,180,6,0.7%,1129,4,35.747845,-86.69234499999997,2021-02-02 20:02 EDT
Unassigned,Indiana,0,0,227,0,inf%,0,0,39.849426,-86.258278,2021-02-02 20:02 EDT
Unassigned,New Jersey,1201,0,2129,0,177.3%,0,0,40.298904,-74.521011,2021-02-02 20:02 EDT
Unassigned,Michigan,18,2,1,0,5.6%,9,0,43.326618,-84.53609499999997,2021-02-02 20:02 EDT
Unassigned,Wisconsin,0,0,0,0,nan%,0,0,44.268543,-89.616508,2021-02-02 20:02 EDT
Unassigned,Massachusetts,26313,30,8,0,0.0%,1879,921,42.230171,-71.530106,2021-02-02 20:02 EDT
Unassigned,Virginia,0,0,1,0,inf%,0,0,37.769337,-78.16996800000003,2021-02-02 20:02 EDT
Unassigned,Missouri,0,0,0,0,nan%,0,0,38.456085,-92.288368,2021-02-02 20:02 EDT
Unassigned,Minnesota,401,2,0,0,0.0%,0,4,45.694454,-93.900192,2021-02-02 20:02 EDT
Unassigned,Alabama,0,0,0,0,nan%,0,0,32.806671,-86.79113000000002,2021-02-02 20:02 EDT
Unassigned,South Carolina,0,0,0,0,nan%,0,0,33.856891999999995,-80.94500699999998,2021-02-02 20:02 EDT
Unassigned,Louisiana,416,12,0,0,0.0%,41009,0,31.169546,-91.867805,2021-02-02 20:02 EDT
Unassigned,Colorado,0,0,0,0,nan%,0,0,39.059811,-105.311104,2021-02-02 20:02 EDT
Unassigned,Oklahoma,135,2,0,0,0.0%,0,5,35.565342,-96.928917,2021-02-02 20:02 EDT
Unassigned,Kentucky,9,0,0,0,0.0%,0,0,37.66814,-84.670067,2021-02-02 20:02 EDT
Unassigned,Maryland,0,0,64,17,inf%,0,0,39.063946,-76.80210100000002,2021-02-02 20:02 EDT
Unassigned,Utah,811,1,0,0,0.0%,7469,3,40.150032,-111.862434,2021-02-02 20:02 EDT
Unassigned,Iowa,1074,8,0,0,0.0%,4959,9,42.011539,-93.210526,2021-02-02 20:02 EDT
Unassigned,Washington,1436,0,4,0,0.3%,0,0,47.400902,-121.490494,2021-02-02 20:02 EDT
Unassigned,Arkansas,2845,68,0,0,0.0%,1524,1,34.969704,-92.373123,2021-02-02 20:02 EDT
Unassigned,Nevada,0,0,0,0,nan%,0,0,38.313515,-117.055374,2021-02-02 20:02 EDT
Unassigned,Kansas,0,0,11,0,inf%,0,0,38.5266,-96.726486,2021-02-02 20:02 EDT
Unassigned,Mississippi,0,0,0,0,nan%,0,0,32.741646,-89.678696,2021-02-02 20:02 EDT
Unassigned,Connecticut,843,11,8,0,0.9%,2167,8,41.597782,-72.755371,2021-02-02 20:02 EDT
Unassigned,Nebraska,50,0,0,0,0.0%,0,0,41.12537,-98.268082,2021-02-02 20:02 EDT
Unassigned,New Mexico,3656,2,0,0,0.0%,41859,4,34.840515,-106.248482,2021-02-02 20:02 EDT
Unassigned,Idaho,3,0,0,0,0.0%,0,0,44.240459,-114.478828,2021-02-02 20:02 EDT
Unassigned,Oregon,0,0,0,0,nan%,0,0,44.572021,-122.07093799999998,2021-02-02 20:02 EDT
Unassigned,West Virginia,0,0,0,0,nan%,0,0,38.491226,-80.954453,2021-02-02 20:02 EDT
Unassigned,Rhode Island,97506,0,2135,0,2.2%,8859,13,41.680893,-71.51178,2021-02-02 20:02 EDT
Unassigned,South Dakota,0,0,0,0,nan%,0,0,44.299782,-99.438828,2021-02-02 20:02 EDT
Unassigned,North Dakota,1,2,0,0,0.0%,2009,0,47.528912,-99.784012,2021-02-02 20:02 EDT
Unassigned,Montana,0,0,0,0,nan%,0,0,46.921925,-110.454353,2021-02-02 20:02 EDT
Unassigned,Delaware,182,1,0,0,0.0%,9,0,39.318523,-75.507141,2021-02-02 20:02 EDT
Unassigned,New Hampshire,1038,0,4,0,0.4%,0,6,43.452492,-71.563896,2021-02-02 20:02 EDT
Unassigned,Alaska,396,0,1,0,0.3%,42739,4,61.370716,-152.404419,2021-02-02 20:02 EDT
Unassigned,Wyoming,0,0,596,0,inf%,0,0,42.755966,-107.30249,2021-02-02 20:02 EDT
Unassigned,Maine,1,4,1,0,100.0%,0,0,44.693947,-69.381927,2021-02-02 20:02 EDT
Unassigned,Navajo Nation,25001,0,1020,0,4.1%,379,23,35.3995505710001,-110.32138781,2021-02-02 20:02 EDT
Unassigned,Hawaii,0,0,0,0,nan%,0,0,21.094318,-157.49833700000005,2021-02-02 20:02 EDT
Unassigned,Vermont,8,1,0,0,0.0%,2009,0,44.045876,-72.710686,2021-02-02 20:02 EDT
Unassigned,US Virgin Islands,0,0,24,0,inf%,0,0,17.752625,-64.73541999999999,2021-02-02 20:02 EDT
